1.5833377838134766
1.4202594757080078
1.3437271118164062
0.8537769317626953
1.210927963256836
1.1703968048095703
0.7455348968505859
0.7240772247314453
1.5225410461425781
0.7545948028564453
1.2962818145751953
0.8263587951660156
1.5821456909179688
1.7948150634765625
1.6222000122070312
1.6927719116210938
1.268625259399414
1.2280941009521484
1.560211181640625
1.432657241821289
1.5206336975097656
0.7216930389404297
1.2717247009277344
1.222848892211914
1.5244483947753906
1.428365707397461
1.4271736145019531
1.2867450714111328
1.4142990112304688
1.2874603271484375
