48 
92 
145 
1 155 
155 
70 
2 57 
145 
71 
54 
1 145 
2 143 
1 140 
165 1 
154 
140 
158 
57 
3 155 
164 
162 
62 
55 
156 
143 
103 
2 97 
154 
156 
95 
38 1 
1 91 
59 3 
81 
67 
57 
162 1 
160 56 
66 
75 
98 57 
142 
66 
3 155 
160 
38 
4 98 
91 
145 
2 56 
160 
57 
48 
56 
154 
162 
5 143 
58 50 
126 
91 
60 
152 
60 146 
82 
97 
54 
143 
2 94 
143 2 
154 
142 126 
95 
53 
2 66 
92 
103 8 
46 
98 
161 
47 4 
98 
82 
103 3 
155 
38 4 
3 38 
83 
51 
1 149 
1 126 
3 97 
2 143 
103 
58 2 
85 
60 3 
95 
70 
71 
142 4 
66 
154 
56 
160 2 
162 
75 
55 1 
47 3 
92 
54 
4 158 
142 
103 
145 
54 
55 
94 
109 
54 
44 
67 
53 
155 
55 1 
97 
160 
54 
158 
2 88 
4 94 
2 45 
154 
160 
135 
165 
160 
38 
45 
164 4 
48 
162 
158 
126 
109 
143 
4 94 
60 
156 
60 
161 
58 
46 
155 
83 
161 
56 
97 
60 
153 
3 145 
169 
76 
66 
145 
92 65 
154 
85 
143 
161 
51 156 
143 
152 
2 95 
165 
143 
60 3 
141 2 
62 
75 
81 
146 
149 
5 88 
2 60 
91 
56 
158 
146 
95 
63 2 
55 
97 3 
6 97 
165 
146 
57 1 
155 
59 
53 
161 
158 
51 4 
53 
145 
155 
5 88 
3 70 
153 
49 
51 
155 
85 
76 
155 
1 164 
145 
82 3 
50 
55 1 
149 
143 
1 156 
2 60 
164 
50 
1 126 
157 2 
157 
50 
158 3 
97 4 
95 
4 75 
154 56 
146 4 
2 38 
95 
142 2 
98 
164 
95 
165 3 
72 4 
146 1 
103 
2 161 
5 156 
58 9 
60 54 
156 1 
161 
158 
51 
160 
141 
72 
4 98 
153 1 
157 1 
146 
7 126 
62 1 
153 
161 
98 
141 
53 
143 
141 6 
156 
59 
85 
169 
61 
56 
148 
164 2 
157 
143 1 
56 
155 
59 
92 1 
92 
4 152 
154 
103 
164 
56 
57 2 
60 
57 
62 
58 
109 
140 
160 2 
66 
48 1 
46 
61 
140 
56 
82 
83 3 
91 
62 
50 
58 
83 
160 
66 
56 
88 
164 
126 
109 
149 
164 76 
160 
49 1 
3 54 
53 
2 143 
109 
1 126 
7 58 
142 
103 3 
75 2 
155 3 
2 145 
3 95 
156 
70 
152 
57 
157 
160 60 
82 
98 
165 2 
91 
1 85 
2 103 
4 145 
158 
58 4 
49 
56 
141 
154 
165 
141 
160 
149 
148 
146 
53 2 
5 141 
157 
165 
148 
8 71 
60 
164 
59 
150 76 
140 
140 
141 
103 
66 
53 
66 
150 
63 
146 
143 1 
154 1 
169 
62 
57 
154 
126 
65 
4 141 
91 
66 
146 
58 1 
162 
103 2 
57 
67 
160 164 
54 
164 
165 
97 
165 
92 
69 
152 
69 
150 
150 4 
54 
143 1 
148 
2 156 
2 49 
51 
75 1 
161 
162 
155 4 
103 2 
154 
83 4 
4 54 
72 
95 
160 
57 
152 
70 1 
58 
143 3 
156 
140 
143 3 
135 
69 
4 161 
164 
162 
3 164 
65 
1 88 
59 
160 
142 
156 
51 
164 
57 
164 
61 
146 
75 3 
2 95 
158 
5 82 
8 98 
164 
1 45 
162 
4 158 
158 
2 56 
154 
60 
2 60 
53 4 
150 
165 1 
47 
8 161 
154 
66 
154 
95 
1 141 
92 
61 
57 2 
153 
61 
141 3 
149 
143 3 
65 
154 
160 3 
53 
49 
164 
156 1 
148 
2 57 
1 143 
157 
70 
156 
82 
143 
4 51 
141 
143 
160 61 
141 
145 4 
1 95 
160 
149 
160 
143 
126 
154 
56 
58 3 
56 
60 
95 
146 1 
165 
55 4 
145 
58 1 
49 
169 
2 75 
1 155 
169 
3 57 
60 
1 59 
55 
3 141 
47 
49 
4 154 
141 
169 
50 
53 2 
145 
57 2 
50 
63 
82 
3 57 
156 
155 
62 148 
164 
56 
71 
158 
62 1 
61 1 
54 
76 
156 
145 
58 
169 
66 
1 49 
56 4 
1 70 
98 
103 
160 
66 
150 2 
50 
154 
149 
135 3 
75 
2 57 
153 
60 1 
65 
54 
51 
109 
156 
57 
140 
150 2 
155 2 
58 
58 1 
155 
3 155 
55 
71 
157 
140 
57 
55 
1 161 
141 1 
156 1 
85 
148 
81 
3 65 
154 
141 
48 
142 
169 
109 
150 
58 
66 
53 
103 2 
53 
149 3 
4 169 
45 
98 
160 
158 
165 
149 
141 
164 
164 
154 
164 2 
154 9 
61 2 
154 
94 
57 
160 
146 
98 
1 103 
98 
4 148 
57 
154 
72 
58 
1 49 
150 
155 
158 
53 
91 3 
135 2 
47 
2 126 
2 152 
61 
57 
83 
58 2 
72 
140 1 
1 55 
54 
51 
154 
154 
1 54 
156 
149 
154 3 
2 154 
148 
143 
160 
157 
91 1 
1 155 
149 
61 
3 126 
164 
57 
54 2 
56 
97 
82 
56 2 
3 45 
49 
2 46 
158 
156 2 
165 2 
92 
162 
169 
3 155 
3 169 
143 
160 
60 98 
1 55 
60 
83 3 
66 
3 57 
126 
81 3 
66 
49 
146 
154 1 
149 1 
53 
154 
145 
88 
158 2 
149 
81 
150 
160 
160 
45 
141 
109 
162 
3 158 
56 2 
154 
55 
152 
1 60 
154 
162 
158 
2 60 
60 
54 5 
88 2 
1 71 
65 
54 
50 
1 97 
143 
143 
2 53 
156 
154 
97 
143 
81 
70 1 
169 
95 
148 
164 
53 
1 155 
60 1 
2 70 
66 
153 
164 
141 
142 
61 
53 
156 4 
56 
140 
160 
165 
141 58 
98 
154 
160 
94 
148 
160 2 
95 
56 
1 142 
53 
83 49 
158 
160 
155 
2 51 
160 3 
94 
98 2 
155 
126 
145 1 
3 155 
70 
95 
161 
160 3 
146 
38 
145 
161 
56 
60 
51 
62 
162 3 
58 4 
70 
2 146 
145 
158 
2 70 
158 
97 
145 
1 53 
81 3 
75 
3 169 
98 
156 
1 70 
38 
70 
98 
72 
155 
55 
57 
154 
156 
57 
160 
155 
56 
71 
46 4 
45 
156 1 
143 
143 
56 
165 
1 126 
1 169 
57 
164 
157 
56 
135 
95 3 
60 
45 
58 3 
95 
98 1 
141 
150 
160 1 
1 158 
140 
162 1 
50 
160 
143 
158 
149 2 
51 
140 2 
3 162 
72 1 
164 3 
162 
143 
75 3 
1 70 
54 
162 
58 
60 
61 
150 
4 169 
3 60 
58 
55 
5 75 
141 56 
58 
148 
164 
57 
60 
148 
98 
75 
95 
53 4 
1 51 
162 
142 
145 
155 
2 148 
157 1 
150 
155 
53 45 
2 155 
103 
3 145 
156 
169 
70 
150 
61 
56 
150 2 
135 
143 
158 3 
81 
5 54 
71 
94 
157 
162 
154 1 
70 
157 
92 
94 
143 
149 
164 
150 141 
81 
70 4 
145 
55 3 
143 160 
54 
149 
4 57 
58 2 
162 
2 126 
150 4 
164 
57 
60 
1 72 
149 
143 
2 148 
83 
156 2 
160 
55 
62 3 
158 
53 1 
47 
164 3 
62 
155 
109 
55 
3 169 
53 
56 
82 1 
140 
154 
61 
50 
57 
95 
3 61 
160 
109 
56 
135 
53 
60 
81 
1 85 
1 148 
135 
92 
154 2 
97 
57 
150 3 
143 
153 
60 
156 
143 
158 
145 
60 
3 65 
46 
164 2 
49 
60 
75 
53 
161 
164 3 
48 
156 
154 
146 
169 
126 
56 
153 57 
149 
4 145 
146 
56 
94 
157 
162 
44 
1 61 
60 
157 
160 
97 
154 1 
58 
143 
45 4 
54 
2 56 
1 59 
154 3 
59 
71 
2 70 
67 
158 
143 
48 
157 
1 161 
60 160 
1 145 
69 
141 
152 
160 
145 
98 
45 
154 
62 
143 
72 
156 
70 1 
1 54 
157 
97 
53 
60 
164 2 
160 
69 
165 
153 
2 88 
51 
70 
160 
141 
2 109 
82 
160 3 
58 
140 
60 143 
162 
60 
135 4 
60 
98 
61 4 
145 
158 
56 
165 3 
2 85 
98 3 
2 155 
85 1 
165 
160 
149 
158 
70 
146 1 
1 67 
95 
59 
54 
72 
63 
59 
7 154 
95 
70 
161 
54 
155 
92 
60 
57 
169 
62 
62 
62 
3 141 
145 
156 2 
63 
57 
156 
97 
92 
164 1 
109 
4 141 
70 
143 
51 
72 
143 
63 
85 4 
154 
76 
161 
164 
150 
52 
3 145 
145 1 
142 2 
150 
154 
158 
148 
103 
58 
98 
165 2 
5 149 
38 
158 
97 
143 
143 
56 
4 169 
145 
56 
44 
55 
51 
98 
59 1 
164 
158 
66 
46 
161 
55 
150 
149 1 
153 
94 
58 
145 
1 154 
152 
50 
145 
98 
165 2 
103 
143 
60 
97 
85 
54 
141 
61 
81 
61 2 
76 
154 
48 
143 2 
103 
95 
57 
55 1 
69 
109 
92 
143 
63 
75 
95 
146 
146 
98 
140 
71 
146 
143 4 
60 
146 
161 
4 54 
5 145 
158 
54 
164 
145 
157 
3 95 
55 
57 
145 
145 
109 
70 
1 169 
156 2 
57 
149 1 
81 
52 
109 
154 
158 
49 
141 
154 162 
1 158 
53 
49 
53 
56 
158 
169 
164 57 
149 6 
1 70 
2 135 
145 
57 
1 161 
160 
164 
164 
45 
71 
162 
145 
53 5 
63 
71 
55 3 
146 
158 
55 3 
143 
152 
70 
143 3 
98 
145 
51 
95 3 
53 2 
154 
55 
158 1 
109 
154 
158 
98 
2 145 
61 
154 
82 
54 4 
57 
62 
72 
141 
158 
3 45 
149 
157 1 
98 
53 2 
103 
143 
2 56 
51 
153 
58 
3 143 
140 
150 
149 
2 162 
4 148 
103 
149 
169 
97 
76 1 
95 
3 51 
47 
143 
51 
155 
109 
4 69 
160 
54 
60 
66 
75 
169 
98 
145 
160 
143 
156 
83 1 
154 1 
38 
154 
143 2 
1 54 
51 
165 
154 
145 
94 
141 
158 2 
160 6 
83 
158 
3 72 
154 
49 
55 
66 
143 3 
143 3 
155 
98 
59 1 
98 
141 
140 
3 72 
160 
162 
55 
142 
82 
164 3 
91 
47 
109 
48 
155 
57 
161 
54 
2 50 
60 
2 140 
69 
4 152 
70 3 
153 
58 2 
72 
3 161 
141 
3 140 
45 
52 
51 
135 
155 
164 
160 1 
165 1 
83 
72 
140 
146 
140 
2 59 
1 56 
4 50 
160 4 
46 
60 
149 4 
97 65 
65 
92 
56 
152 
71 
57 
83 
57 
143 
145 
65 3 
56 
148 
161 
88 
56 
152 
156 
70 
1 70 
54 
148 
94 
160 
145 
3 158 
154 
162 
97 
53 
143 
1 148 
145 
65 
60 3 
60 
165 3 
145 2 
164 3 
97 
164 
60 
153 
47 
150 1 
54 
156 
97 3 
55 
148 
142 
109 
1 95 
2 145 
154 
55 
54 
164 
3 85 
56 
60 1 
164 
155 
51 3 
157 1 
165 
85 
135 
143 
61 
62 
60 
169 
72 
2 67 
56 
155 
45 
156 
6 81 
91 
143 
2 65 
60 
56 
3 153 
3 141 
140 4 
142 8 
52 3 
158 
60 
3 169 
50 
155 
83 
60 
149 
141 
58 
57 
70 
57 
156 
154 
153 3 
82 
2 169 
54 
53 3 
57 
126 
146 
154 
1 152 
154 
58 
162 
154 
51 
156 
143 
58 9 
103 
149 
158 
109 
97 
55 
54 
143 
164 
5 70 
157 2 
55 1 
158 
158 
155 
157 
1 69 
57 
164 3 
135 11 
164 3 
98 
54 
165 
3 44 
95 
149 
95 
161 
97 
50 
161 
61 
2 57 
55 
158 
60 
1 135 
60 
65 
52 
60 
82 
157 
148 
4 156 
154 
103 
61 
2 97 
63 
150 
83 
57 
143 
103 153 
85 
157 
157 
72 
55 
94 2 
95 
162 
47 
4 97 
75 
143 
95 
143 61 
162 
59 56 
70 
53 
141 
70 
53 
142 
55 
54 
160 
51 
54 
51 2 
56 
153 2 
164 3 
63 
164 
3 155 
154 
169 
3 156 
164 
148 
59 
45 
1 141 
154 2 
169 
154 
145 
140 
3 169 
54 
141 
156 
55 
50 
160 3 
143 1 
95 
57 
58 
156 
58 
1 146 
58 
61 
141 3 
164 4 
154 
1 54 
109 
3 92 
146 
145 
169 
160 109 
60 3 
154 
55 2 
81 3 
54 
69 
72 
50 
169 
47 
57 
142 
58 
135 2 
54 
55 
59 
92 2 
3 60 
145 
162 
50 
156 
142 
95 6 
45 
61 
156 
156 
97 2 
161 
60 
142 
59 
2 109 
149 
71 
54 
158 
2 154 
146 
161 
58 
158 
58 
9 155 
6 70 
156 2 
61 
156 
58 
70 
158 4 
156 
141 
154 
135 
143 
1 60 
109 
141 
46 
54 
142 
164 3 
155 
149 
46 
154 2 
148 
54 
156 
48 
154 
146 
169 
164 
47 
61 
154 1 
60 
1 146 
152 
60 
155 
54 3 
149 
54 
3 164 
56 
3 72 
141 
2 148 
164 3 
98 
60 
53 2 
2 140 
158 5 
154 1 
161 
88 
49 
2 126 
158 
2 61 
70 
1 60 
135 
152 
157 3 
156 
160 2 
81 
162 
94 
55 1 
58 
92 
161 
54 
1 88 
54 
160 3 
88 
53 
150 3 
142 
60 
157 
61 
98 
145 1 
66 
160 
4 98 
164 1 
72 
1 152 
50 
56 
140 
95 
49 
55 
141 
59 158 
154 2 
67 1 
152 
164 
155 
56 
51 
55 
103 
60 
160 
97 
91 
66 
154 
94 
145 
8 169 
143 
3 135 
51 
154 
156 
154 
70 
150 
3 152 
72 
1 164 
97 
3 154 
165 
55 
145 
53 
155 
58 
61 
154 
4 142 
143 
158 
95 
160 
143 
154 
66 140 
72 
2 161 
160 
85 
94 
153 
49 
65 
154 
95 
157 
158 
165 
141 
2 88 
11 169 
44 
94 
152 
160 
65 
161 
157 
98 
70 
62 
95 
57 
150 1 
3 142 
83 
145 
150 1 
59 
72 
56 
109 
65 
55 
58 
2 57 
54 
145 
160 
58 
62 
98 
98 
161 
53 2 
4 141 
148 
51 3 
155 
60 1 
98 
51 
51 
62 
146 2 
2 91 
53 
161 
145 
83 
162 
53 
1 52 
59 
61 
143 
155 
3 143 
1 143 
57 4 
1 45 
54 
62 
53 
53 1 
143 
51 2 
60 
58 1 
57 
62 
154 
169 
66 
3 81 
66 
55 
162 
143 145 
53 
65 
85 1 
97 
3 59 
55 
72 1 
60 65 
52 
58 
85 
143 
155 
55 
157 
145 
70 46 
153 
1 50 
53 
75 
54 
157 1 
58 
1 55 
54 
61 2 
95 
143 
160 
160 
2 85 
95 
85 
4 169 
1 156 
54 
45 
57 
4 152 
92 
152 
2 69 
157 2 
154 
164 
8 161 
109 
51 
154 
141 
81 
53 
82 3 
158 3 
57 
56 
94 
103 
156 
55 
97 
49 1 
2 143 
97 
160 
54 
72 
65 
103 3 
2 70 
4 169 
38 
66 
53 
57 
146 
2 53 
67 
149 
140 
92 
55 4 
162 
156 4 
153 
54 
140 
145 
54 
143 
158 
60 
98 
61 
135 
88 1 
11 49 
157 
54 
5 142 
1 145 
145 
49 5 
70 
45 
1 143 
135 
58 
4 154 
140 
94 
57 2 
142 
57 
58 
55 2 
1 60 
58 
95 
95 
46 2 
54 
145 
148 
141 
2 71 
75 3 
63 
95 
140 
58 
83 2 
91 
164 1 
72 
103 
57 
103 
94 4 
71 
141 
2 143 
46 
145 
164 
66 
154 145 
81 
70 72 
162 4 
1 148 
56 1 
155 
165 
145 
2 70 
76 
69 
145 
155 
164 1 
154 
161 
95 
157 
2 55 
95 
66 
150 
83 
157 
126 
5 50 
63 
1 145 
70 
103 
61 2 
1 54 
154 
158 
1 158 
148 
158 3 
146 
72 1 
75 66 
154 2 
169 
155 
150 2 
95 
66 
1 45 
1 161 
145 
83 3 
152 
156 
164 
53 
3 153 
97 
143 
54 
161 
153 
54 3 
158 3 
46 4 
1 62 
162 1 
156 
2 57 
140 
58 
54 
60 
164 
141 
1 97 
135 
48 
95 
169 
82 
145 
103 
2 76 
164 
152 
2 126 
146 2 
62 
58 
57 
52 
135 
164 
153 
95 
164 
61 
148 
55 
164 
59 2 
58 
53 
158 
72 
3 145 
154 
2 67 
3 155 
164 
156 103 
60 
54 
154 3 
51 
51 
3 141 
1 71 
158 
71 
50 4 
70 
162 
135 
69 
157 
94 
143 2 
47 
72 
169 1 
155 
1 56 
157 
2 155 
156 
145 
58 
164 
160 
83 
160 
59 
46 
75 
141 
165 
75 
153 
148 
58 
154 
85 
50 
55 3 
4 141 
155 
57 
152 
157 6 
91 
57 
94 
53 
55 
58 
2 59 
85 
59 
62 
97 
160 
149 
60 
1 155 
57 
152 
140 
55 
161 
158 
164 
54 
160 146 
60 
164 
2 49 
60 1 
5 52 
67 
141 
82 49 
38 
145 2 
155 
70 
54 
60 2 
62 
143 
61 
158 
62 
66 
56 
54 
160 4 
2 92 
152 
150 
156 
2 88 
95 
157 6 
55 
142 
54 
81 2 
38 
56 
154 
152 
50 
98 
54 1 
152 
62 
1 66 
60 
150 
91 1 
49 
54 
148 
8 94 
58 
71 
142 
154 
61 8 
59 
58 
160 
141 
61 
165 
70 
50 
60 
161 
157 3 
38 
67 
3 81 
97 
143 
143 
67 
88 
150 
158 
140 
46 
145 
72 
91 
2 145 
165 
154 4 
70 
69 
60 
158 1 
2 85 
97 
141 
60 
49 1 
152 
58 
53 3 
164 
46 
3 145 
95 
67 
109 
47 
162 158 
153 
2 71 
53 
1 165 
109 
94 
146 
76 
1 57 
156 
141 2 
65 
57 
88 
145 
143 
165 
143 8 
154 
55 
153 1 
135 
76 
146 
45 
3 46 
157 1 
160 
135 
154 
103 
51 
152 
91 6 
169 
92 
53 
145 
165 
58 2 
57 
65 
156 
54 
149 
165 
62 
164 
58 3 
61 
54 
164 
62 
145 
150 
54 
54 
98 
161 
62 
4 54 
82 
66 
61 
1 141 
141 1 
54 
56 
157 
95 
1 66 
92 4 
126 
103 
141 
160 9 
61 
60 
54 
91 
143 
54 
156 
169 
146 11 
154 
150 3 
91 1 
141 
160 
57 
150 
92 4 
61 
70 
164 
152 
83 
51 
60 
160 
140 
52 
46 1 
58 
97 
2 155 
1 97 
51 
156 
66 
58 
141 
53 
1 169 
65 
143 
56 2 
45 
153 
66 2 
57 
2 54 
75 
54 
155 2 
135 
142 
156 
51 2 
57 
4 142 
154 
57 
98 1 
61 161 
3 169 
4 50 
162 
3 69 
54 
57 
98 
62 
51 
3 155 
66 
157 
158 
109 
145 
45 
54 
154 2 
149 2 
49 
92 
164 2 
4 61 
145 
58 
60 
58 
141 
63 
150 156 
154 5 
45 
53 
145 
91 
82 
58 
2 58 
135 3 
47 
145 
2 60 
47 
158 
160 4 
83 1 
162 
148 
154 2 
45 
3 55 
164 164 
143 
1 65 
56 
153 
169 
58 
157 3 
46 
161 
143 
160 1 
157 3 
58 
72 
149 
3 158 
5 59 
60 
156 
165 1 
149 1 
94 2 
4 70 
164 3 
82 
98 
164 
154 
60 
158 
56 7 
162 
1 57 
141 
54 
160 
60 
149 
141 
59 
150 
76 
145 
71 
152 
154 2 
58 
156 
61 
91 
154 
97 
59 
61 
154 
70 
1 53 
164 6 
53 
158 
55 
155 
55 
61 
65 
83 
2 149 
153 1 
169 
60 
145 
2 46 
54 
155 
83 
143 4 
158 
1 135 
1 49 
143 
153 
58 
56 
4 152 
55 
143 
53 
49 
49 
109 
57 
56 
153 
49 
50 
154 
55 2 
141 
145 
98 
160 
154 
1 158 
55 9 
141 
55 2 
160 
57 
153 
153 
66 
91 
3 51 
92 62 
2 143 
162 1 
95 2 
3 140 
61 
3 69 
160 65 
2 52 
156 3 
51 
155 
154 
156 2 
148 
154 
88 3 
67 
97 
165 
85 
158 
142 
154 
1 126 
150 
95 1 
66 
3 162 
4 155 
97 
2 57 
155 
65 
153 3 
145 
152 
45 
158 
149 
141 
46 2 
58 
141 
70 2 
53 
2 148 
55 1 
109 
1 145 
157 2 
158 
57 
169 
44 
57 
2 54 
60 
72 
49 
61 
3 145 
140 
75 
155 
70 3 
165 
109 
143 
1 143 
149 
1 45 
55 
97 
1 97 
94 
157 
92 
152 
60 
57 
57 
75 2 
2 76 
92 
85 
52 
54 
153 
2 148 
4 145 
45 
88 
62 
60 
54 
2 158 
156 50 
3 55 
92 
109 2 
160 
6 55 
1 98 
164 2 
60 
155 
66 1 
1 85 
70 
157 
98 
54 
55 1 
57 
164 
1 54 
143 
98 
2 155 
154 1 
44 
2 155 
148 
153 
46 
145 
61 
60 
160 
142 
4 67 
95 
143 
143 1 
60 
69 
51 4 
58 
95 
154 1 
162 
75 
69 2 
162 2 
165 
4 67 
4 158 
8 95 
51 
1 54 
91 
98 
55 
2 61 
2 60 
46 
141 
66 
56 
1 95 
143 
60 
154 
109 
1 109 
45 4 
4 135 
164 
158 
158 
141 
150 
158 
54 
158 
3 156 
83 
57 
65 
157 
56 2 
59 45 
2 54 
141 3 
162 
83 
165 
58 
161 143 
161 
88 2 
158 
57 
92 
160 
165 
55 
63 
92 
156 
4 126 
70 
135 
54 
66 
150 
97 
156 2 
2 45 
5 109 
154 1 
54 
156 5 
55 4 
71 
53 
55 
82 6 
58 
142 
98 
109 
143 
61 2 
1 49 
56 143 
70 
154 
91 1 
154 
60 
44 
145 
97 
59 
65 
142 
81 3 
143 
5 140 
1 143 
156 4 
152 
109 
156 
158 
150 
145 1 
143 
92 
143 4 
154 
60 
164 4 
54 2 
2 145 
1 60 
1 149 
57 
165 1 
50 
126 
47 
161 
50 
160 1 
143 
135 
156 3 
54 
38 
4 54 
164 
82 2 
92 
155 
60 
70 
162 
148 
58 4 
55 
155 3 
164 88 
81 2 
85 
156 
149 
98 1 
60 
59 
169 
67 
60 
50 3 
54 
63 
143 
143 
53 3 
61 
155 
140 
149 2 
2 57 
2 145 
98 4 
70 
76 
72 
2 52 
158 
164 4 
141 
2 66 
153 2 
58 
1 145 
53 
109 
145 3 
57 
56 
141 65 
154 2 
1 57 
82 
55 
54 
154 
53 
154 3 
95 
83 
3 70 
51 
164 
51 
3 148 
66 
57 
2 155 
165 
126 
145 
2 143 
55 1 
157 2 
58 
61 
146 
169 
38 
155 
50 
60 2 
143 
165 1 
165 
162 
53 
54 
55 2 
141 
154 
160 95 
3 142 
143 
98 2 
60 2 
56 
155 
55 
162 3 
160 
70 
70 
126 
3 109 
91 
160 1 
58 
152 
145 2 
53 2 
1 152 
98 
88 
152 
161 
65 
160 55 
156 
53 
60 
2 52 
158 
58 
158 
141 
60 2 
154 
60 
60 
145 
98 
82 
98 
98 
164 
98 2 
155 
160 
3 45 
156 
154 
162 
5 143 
146 
156 1 
143 
158 2 
53 8 
160 
145 
162 
97 
143 
143 
164 
152 
153 
54 
164 
162 
71 
154 
72 
154 1 
142 3 
98 
54 
54 
160 
53 
146 
126 
95 
143 
62 153 
164 1 
162 
164 
149 3 
158 
141 2 
160 6 
153 
158 
156 65 
3 158 
57 
53 4 
61 1 
65 
156 
153 
141 
56 
149 
154 1 
145 
57 
54 
126 
58 
85 
162 
53 
164 
153 
146 1 
1 58 
141 
57 1 
83 
141 
142 
55 
154 2 
142 
169 
95 
57 
65 
60 
153 3 
57 4 
49 
165 
3 169 
92 2 
66 
164 
1 67 
65 
9 145 
157 
53 
56 
4 155 
54 
160 
83 
154 
154 2 
155 
55 
145 
61 
71 
152 3 
56 1 
158 
52 
95 
57 
46 
169 
154 2 
53 
145 
148 
146 2 
154 
60 
95 
54 4 
154 3 
142 
57 
55 
154 
92 
88 2 
2 165 
143 3 
156 
7 143 
143 
76 
154 
142 
60 50 
156 
143 7 
169 
154 
98 
148 
1 161 
1 148 
95 1 
65 
158 
169 
158 2 
58 
143 2 
60 
5 70 
81 
61 
154 
154 1 
61 
57 
59 
1 148 
150 2 
165 
160 
75 
51 
158 
153 
154 
156 
109 
2 169 
62 
169 
164 
169 
60 
158 
150 
65 
143 
53 1 
60 
158 
2 103 
59 
66 
141 3 
65 
165 
3 156 
4 97 
70 
143 
53 
51 
158 
58 
49 
150 
54 
60 1 
164 
7 97 
92 
152 
143 
156 
2 95 
135 
135 
66 
146 
160 
143 
156 
2 109 
38 
154 
60 
109 
57 
63 4 
158 
149 
63 
60 
143 
103 3 
88 
1 161 
72 
95 
150 
1 148 
57 
61 
50 
103 
55 
95 
62 2 
126 
142 
158 
53 5 
61 
3 152 
91 
143 1 
57 5 
1 126 
161 
164 11 
66 
46 
61 
59 
152 
157 56 
160 
97 
154 
6 57 
143 1 
61 
145 
142 
153 
2 155 
54 4 
98 
2 141 
154 
145 
109 
4 58 
165 1 
57 
1 83 
56 
158 3 
46 
55 
152 
165 
46 
72 69 
160 
61 
58 
38 
54 
60 
126 
53 1 
158 1 
156 3 
70 
155 
50 3 
161 
145 
67 
155 
2 152 
4 155 
60 
2 161 
143 
157 2 
2 54 
3 141 
5 58 
4 57 
146 2 
162 1 
95 
54 
62 
154 
63 
57 2 
38 
54 
69 
152 
154 
165 
60 
164 
12 88 
142 
60 
82 
53 
2 169 
60 
59 
135 
160 1 
58 
3 54 
161 
71 
155 
54 
154 
55 
56 
164 
155 
53 
148 
158 
63 2 
98 
154 
95 
140 
161 
97 3 
54 4 
83 
145 4 
51 2 
97 
143 
148 
1 70 
150 
169 
156 2 
169 
160 
2 141 
143 
91 
164 
141 
56 
155 
58 
2 45 
164 
2 58 
54 
55 
58 
66 
57 
164 3 
148 
143 
3 158 
153 
156 
53 
142 
60 
169 
158 
155 
2 98 
51 
50 
142 
2 135 
67 
103 2 
158 
98 56 
103 
158 
140 
157 3 
1 141 
161 
140 
54 
92 
164 
1 48 
148 
149 
1 56 
50 
143 
103 
97 
146 
60 
3 97 
141 
62 
57 
156 2 
57 3 
150 
155 
95 
66 
91 
135 
4 94 
51 
55 81 
53 
3 56 
154 
65 
91 
3 53 
53 
69 
164 
2 60 
54 2 
95 
88 
1 63 
3 161 
141 
164 3 
51 
1 143 
2 57 
67 
56 2 
103 
3 50 
46 
146 54 
135 
57 
76 3 
1 155 
169 
63 2 
51 
155 
154 1 
91 
49 
46 
158 
103 
72 
141 
53 
160 
143 2 
153 
75 
165 
154 
154 
60 
145 
141 
58 
58 54 
95 
38 
162 
70 2 
146 
164 
60 1 
82 1 
152 
53 
88 
98 
2 154 
75 9 
66 1 
91 
72 
155 4 
160 
154 
53 
160 
141 158 
62 
55 2 
97 
103 
165 
60 
1 95 
126 
3 152 
2 66 
59 
60 
160 
145 
95 
97 
141 
75 
65 
95 
60 
55 
59 
50 
66 
66 3 
70 
164 
1 59 
146 2 
58 
38 
161 
164 2 
143 
94 59 
56 
61 6 
98 2 
58 
58 
154 3 
161 
156 
60 4 
142 
169 
63 
44 
145 
155 
95 
49 
60 
158 
160 
156 
53 
156 3 
109 2 
72 
62 
103 1 
154 
149 
47 95 
91 
1 62 
70 
83 
60 
150 
153 
165 1 
2 45 
94 
56 
2 94 
50 
95 
158 
1 161 
3 156 
158 
156 
52 
141 
88 
54 
91 
57 
145 
141 
135 
45 
109 
156 3 
150 
154 
88 
162 
62 
155 
158 
49 
54 
94 
85 
140 
145 
91 
149 1 
67 
143 
155 1 
91 
145 
56 
161 
69 
1 54 
164 
58 8 
150 
154 2 
4 169 
49 
71 
2 57 
95 
54 
2 161 
1 141 
158 
153 1 
156 
158 
3 46 
54 
153 
3 76 
55 1 
1 70 
149 1 
97 1 
149 2 
97 
88 53 
1 103 
67 
2 67 
2 126 
152 
145 
95 
82 1 
143 
160 
160 1 
154 
6 169 
53 2 
8 58 
57 
164 4 
109 
57 
156 
155 
169 
98 2 
71 
126 
1 94 
54 
1 62 
1 71 
51 
148 
158 
160 
2 126 
158 
158 8 
157 
51 
57 2 
145 
2 143 
95 
141 
70 
165 
1 148 
143 
2 135 
169 
150 4 
158 
126 
164 
95 3 
1 155 
157 
72 
59 
103 
2 169 
1 53 
109 
62 
3 97 
145 
156 
75 2 
48 4 
98 
145 
8 141 
98 
164 
1 156 
2 72 
56 
2 76 
148 
54 
38 67 
152 
109 
162 
141 
155 
59 
65 
140 
45 
164 2 
2 70 
143 
52 
165 
157 1 
157 1 
61 
2 82 
83 
135 
3 56 
2 152 
148 
4 60 
2 58 
145 
135 
157 3 
4 60 
169 
97 
61 2 
2 109 
57 
47 
156 
63 
56 
154 
156 
126 
55 
150 
160 
62 1 
157 
145 5 
154 2 
92 
3 50 
165 3 
47 
53 
2 60 
95 
148 
146 2 
66 
3 94 
160 
160 
145 
155 
95 
145 
98 
160 
2 98 
82 
3 57 
157 2 
165 2 
146 
2 51 
53 
57 1 
72 
66 
95 
103 
1 51 
126 
60 
98 
56 
58 
61 
4 109 
143 5 
141 
143 
1 135 
143 
58 
58 
49 
53 
2 83 
57 
1 140 
8 66 
149 
81 
60 
141 
169 
66 
1 135 
3 148 
164 
2 58 
58 
61 5 
55 3 
162 
162 
72 
160 
141 
3 154 
158 2 
61 3 
164 
156 
61 
2 57 
156 
81 
92 3 
54 
4 162 
57 
164 
51 
164 
3 58 
165 
1 98 
161 
75 
3 140 
59 
1 169 
2 145 
62 
58 
3 140 
83 3 
158 
140 
60 
160 
2 57 
60 4 
54 
57 
103 
149 143 
75 
59 1 
155 
141 
141 
70 
4 155 
2 165 
142 
103 
158 
146 
83 
154 
153 1 
103 
72 2 
146 
54 
126 
55 
161 
1 148 
62 4 
169 1 
4 109 
95 
53 
48 
53 2 
109 
157 
2 109 
140 
65 
146 2 
158 148 
140 
54 
145 
135 
165 
162 
71 
149 
3 169 
157 53 
81 
88 
149 
141 
1 57 
3 158 
83 
165 
1 70 
76 
60 1 
59 
67 
97 
149 
1 155 
150 
158 
3 155 
148 
1 149 
154 
2 70 
162 2 
154 4 
165 
156 
155 
157 2 
156 
95 
160 
153 
158 
94 
54 
164 
58 
53 
155 
61 
63 
154 
164 
158 
61 
51 1 
149 3 
97 
70 3 
58 
156 
141 
55 2 
55 
76 
52 
141 
94 
165 
1 155 
161 
2 145 
135 
1 91 
58 
1 169 
54 
109 
141 
53 
153 
97 1 
143 51 
158 
143 
60 
141 
63 1 
62 
91 2 
94 
1 169 
66 
143 3 
143 
155 
155 
161 
160 
63 
3 152 
48 
4 60 
143 12 
146 4 
146 
60 
54 
55 
2 158 
2 150 
160 
156 2 
70 
143 
158 1 
161 
6 65 
160 
61 
5 150 
57 2 
97 
156 1 
85 
154 
155 
164 
109 2 
3 141 
1 95 
145 
49 
156 
3 54 
70 
156 
82 
50 
57 4 
3 53 
54 
55 
97 49 
2 60 
154 
156 1 
146 58 
88 
55 
57 
94 
85 
83 
156 
140 3 
1 65 
143 
54 
97 
1 70 
3 58 
72 
57 2 
2 148 
1 126 
145 
70 
85 
169 
143 
51 
61 4 
141 
67 
150 
56 
57 
59 
83 
157 
58 
169 
154 
146 
70 
165 
76 
146 
165 2 
157 
67 
141 
162 1 
2 143 
60 
141 
61 
60 
143 
75 
150 
152 
145 
160 
69 
60 
143 
143 
56 
1 156 
169 
146 
149 
72 
143 
141 
5 141 
141 97 
156 
56 
162 
156 
141 
98 
155 
92 3 
98 
66 
162 
95 
46 
157 
155 
149 
153 
58 
143 
149 
164 
1 49 
98 69 
66 
158 
1 95 
1 46 
156 
54 
49 
2 155 
45 
162 
65 
66 
141 
51 1 
160 
142 
98 
150 3 
94 
142 1 
61 
5 150 
53 
164 
153 
158 
157 
143 1 
135 
3 143 
58 
148 
141 
162 
154 
148 
57 
169 
154 2 
152 
140 2 
5 55 
1 54 
145 
160 2 
47 4 
52 
58 
135 
88 
76 2 
53 2 
62 2 
160 2 
160 
53 
135 
141 1 
44 
164 
157 
4 145 
140 
146 
140 
142 
58 
1 57 
142 
71 
135 
98 
85 
55 
1 135 
92 
69 
61 
143 
76 
97 
56 
145 
164 1 
154 3 
154 
61 
58 85 
162 1 
158 
4 165 
141 
155 
143 
141 
76 
154 
154 
51 
85 
88 1 
46 
149 
2 155 
169 2 
153 
54 
82 
1 165 
143 2 
164 
150 
53 
45 
97 
97 
155 
53 3 
81 
55 1 
164 
57 
142 
97 
156 
4 56 
143 
155 
155 1 
1 161 
153 
71 
148 
149 2 
141 3 
57 3 
154 
50 
146 
58 
95 
142 4 
157 2 
58 
148 
158 1 
97 
143 3 
143 
72 
53 
83 
46 1 
1 94 
158 
145 
141 
60 
155 
155 
142 
156 50 
69 
1 152 
55 2 
61 
92 
109 2 
76 
2 142 
49 
58 
55 
156 
98 
4 72 
152 
2 97 
59 
57 
70 
148 
54 
70 2 
143 
154 
72 
3 58 
156 
155 
157 
169 
58 1 
141 
56 
1 70 
82 
58 
55 
154 
54 1 
109 67 
158 
103 4 
57 
2 153 
155 
58 5 
154 
154 
140 
155 
57 
149 
98 
152 
153 1 
154 
160 
95 
88 
98 3 
57 
4 70 
2 58 
51 
3 169 
98 
143 
161 
160 
53 3 
54 
154 
4 97 
156 
158 
61 
58 
72 
71 
56 
141 
72 
83 
51 3 
103 
154 
160 
155 
143 
157 
146 
155 
2 56 
1 95 
83 
47 3 
2 65 
165 4 
150 
156 
66 2 
156 
169 
65 
142 
145 
140 2 
165 2 
57 
58 12 
140 
145 
3 70 
60 
158 
55 3 
153 
157 
60 
98 
56 
3 156 
3 164 
154 
50 
146 
141 
58 162 
148 
150 
51 
71 
57 
55 
58 
158 
60 
146 
141 
62 
148 
98 
2 76 
54 2 
154 1 
1 153 
65 
141 
59 
54 1 
155 
70 
157 
3 145 
56 
156 
162 
157 
143 
58 
53 1 
155 
57 
1 153 
59 
145 
2 143 
165 
3 61 
97 
154 
158 
154 
141 
97 2 
54 
72 
149 
97 
146 54 
76 3 
76 
135 
57 
3 158 
145 
4 143 
51 
2 65 
82 
154 2 
2 94 
154 2 
146 
59 
82 
71 
154 
98 
91 3 
92 
7 156 
2 45 
162 
55 95 
141 
143 2 
109 
154 
154 
153 
109 
53 
81 142 
60 
160 
61 
56 
154 
82 
140 
50 2 
54 2 
1 54 
56 2 
160 
97 1 
2 126 
65 
146 
60 
55 
55 
158 
95 
150 
52 1 
70 
1 48 
70 
48 
154 3 
169 
150 
58 3 
150 
60 
1 161 
60 
50 
141 
148 
143 
2 51 
169 
72 
98 
54 
156 
61 
70 2 
51 
57 
54 
58 
153 
2 67 
75 
145 
91 
5 164 
164 
156 
103 
3 97 
141 
58 
70 
82 
70 
142 
6 88 
53 
164 
160 
56 
158 
72 
126 
160 2 
160 
55 
81 
143 
157 
1 57 
156 
156 
66 
146 
126 
70 
1 135 
164 1 
141 
53 
70 
57 
57 
2 60 
161 
2 148 
55 1 
49 
1 70 
76 
5 169 
3 54 
103 1 
70 1 
62 
1 161 
160 
142 
3 71 
5 156 
85 
156 3 
51 
141 
149 
6 57 
154 4 
154 
109 
155 
109 
57 
57 
162 
157 3 
154 
2 169 
65 
1 155 
135 
155 
142 
2 61 
60 
135 7 
126 
145 3 
145 
126 
98 
1 70 
162 
54 
148 
3 85 
57 
143 
156 1 
60 169 
55 
154 3 
57 
156 
98 
98 
58 
1 97 
157 
49 1 
1 85 
58 
155 
156 
150 
55 
85 4 
2 155 
2 53 
148 
141 1 
59 
85 
153 
3 52 
153 1 
135 3 
46 
67 
2 140 
45 
2 145 
155 
156 
54 
145 
158 
49 
83 
164 1 
57 
141 
164 
164 
69 57 
103 
169 
135 
38 6 
60 
154 
2 60 
153 
4 56 
158 1 
160 4 
75 
61 
1 65 
75 
88 1 
58 51 
164 
2 62 
60 2 
3 97 
66 
160 3 
145 
145 
7 69 
143 
157 
4 161 
1 140 
98 
155 
59 
150 2 
158 2 
154 2 
97 
142 
145 
70 
146 2 
47 
9 51 
152 
2 61 
161 
103 
97 
56 
58 
58 
70 46 
160 
83 3 
51 
59 
164 
53 
59 
55 
57 9 
140 
65 
2 148 
142 
61 
58 
126 
148 
2 69 
55 
54 
97 
82 
88 
54 
169 
54 
95 
154 
103 
141 
169 
4 72 
157 1 
145 
164 
67 
95 
54 
164 2 
69 1 
92 
61 
160 
157 
154 3 
2 62 
60 
3 126 
98 
58 
148 
160 1 
3 46 
154 2 
155 
160 2 
46 
164 
49 
152 
146 
4 126 
57 
148 
145 1 
156 
1 54 
158 2 
142 
55 
145 
98 1 
91 
149 5 
149 1 
44 
165 2 
53 143 
146 
54 
164 2 
154 
126 
57 4 
85 
143 
164 
59 
70 
57 
70 46 
141 
53 
141 
155 
1 158 
150 2 
146 1 
2 158 
1 141 
1 60 
2 58 
160 2 
154 5 
61 
4 152 
3 126 
53 
95 2 
143 
152 
2 164 
88 
154 
58 
55 1 
57 
164 
2 51 
2 58 
162 
70 3 
45 3 
49 
160 
165 
3 148 
60 
154 3 
135 
94 1 
97 
57 
142 
156 
45 
164 
1 97 
53 
72 
152 
70 
165 
160 2 
164 
2 161 
152 
126 
94 
98 
56 
156 1 
5 58 
146 
135 
160 
2 126 
156 
57 
160 
146 
5 70 
1 82 
4 126 
164 
161 
157 
149 
85 
143 51 
152 
58 1 
54 
3 71 
156 
92 
1 56 
58 2 
1 55 
60 
169 
135 
75 2 
51 
55 72 
154 95 
1 155 
160 
154 
54 
155 
55 
161 
145 
155 
1 152 
153 
91 
57 
135 
2 141 
66 
58 
69 
46 
155 
94 
51 
66 
75 
60 4 
2 145 
157 4 
162 
145 
54 1 
164 1 
162 2 
4 56 
150 
8 54 
58 
155 
70 
154 
2 94 
160 
146 
66 
60 
58 
66 
71 
2 109 
153 2 
148 
53 2 
164 
2 65 
161 
140 2 
72 
62 2 
1 97 
1 164 
152 
94 4 
60 61 
162 
66 
76 143 
60 
109 
59 
157 
56 
143 3 
98 2 
156 
58 
91 
58 
98 
72 
146 
158 
143 
82 
135 
66 3 
164 
109 
141 
164 
158 
158 4 
140 
53 3 
54 3 
152 
141 
70 
72 
60 
61 
6 60 
140 
54 
135 
53 1 
154 
143 
50 
72 
75 3 
148 
61 
45 46 
135 
149 2 
95 
154 
57 
154 
60 2 
82 6 
146 
156 
72 
98 
94 
50 
143 
56 
61 
60 
58 
140 
51 
155 2 
67 
2 140 
157 
44 
98 
98 
2 91 
53 2 
156 
140 
3 95 
59 
66 
60 
165 
95 4 
145 4 
154 2 
103 
143 
145 
69 
97 
164 
155 
58 
2 161 
62 
169 
2 67 
81 3 
154 
157 
53 
149 
6 60 
70 
70 
140 
55 
158 
142 
98 
165 
150 
58 4 
158 1 
152 
103 2 
143 
85 
140 
63 
103 
4 53 
135 
164 
143 
57 
95 
154 
160 
76 1 
158 
141 
142 155 
54 
156 
3 76 
49 
154 3 
143 
2 141 
109 
145 1 
58 
156 
75 
62 
49 
1 52 
158 
162 
50 
55 
91 
58 
158 
155 
164 3 
2 155 
162 1 
1 148 
54 
152 
72 
66 
58 2 
155 
154 
156 
148 
3 58 
160 
55 
152 1 
143 2 
143 
44 
52 
1 141 
54 
1 50 
75 1 
154 3 
154 
52 
161 
156 
4 70 
155 
95 
160 
156 2 
154 
143 
1 141 
54 
126 
164 
70 
126 
4 150 
59 
98 
45 1 
97 
60 
82 
164 
58 
162 
51 
58 1 
148 
157 97 
135 
58 4 
60 
56 
97 
3 161 
158 
109 
145 1 
158 
85 
51 
2 97 
82 
165 
2 145 
146 3 
156 
60 
164 
154 
154 2 
95 
61 
58 1 
60 
1 83 
3 85 
94 
157 
126 
85 4 
53 2 
145 
149 
54 
143 
141 3 
95 
2 49 
70 
164 2 
141 
1 57 
158 
70 
61 
169 
72 4 
153 
72 
2 158 
149 
54 
164 
2 154 
156 
98 
60 126 
2 145 
143 
92 
98 1 
146 1 
155 
61 
69 
145 
148 
161 
135 
150 
156 
58 
57 
98 2 
141 3 
109 
164 3 
155 
48 
2 161 
150 2 
2 61 
47 
156 
156 
155 
92 
98 
60 
3 67 
141 
145 
160 4 
97 
55 2 
143 
155 4 
61 
126 
143 
2 169 
66 
2 135 
2 92 
126 
1 54 
141 
160 
95 3 
145 
53 
155 
156 
66 
161 
54 
3 76 
150 
4 97 
55 2 
60 
143 
164 3 
95 
155 
157 154 
95 
55 1 
148 
57 
2 143 
152 
58 
161 
153 
2 85 
146 
145 
143 
143 2 
140 
154 2 
155 
6 143 
57 
58 
164 
155 
70 
154 
85 
3 126 
53 2 
54 
158 
158 1 
45 
161 
153 
48 
2 158 
75 1 
54 
61 
60 1 
60 2 
51 
48 
154 
165 
5 83 
154 
160 
81 
47 
1 71 
60 
2 109 
85 
149 
141 
56 
142 63 
94 
160 1 
47 3 
2 156 
45 
58 1 
57 1 
135 1 
156 
155 
157 
161 
155 
70 
149 1 
88 
143 
3 65 
1 49 
141 
3 143 
154 
72 
146 3 
160 
4 85 
2 145 
95 
126 
94 
1 155 
154 
143 
158 
85 
60 
49 
62 
143 158 
98 5 
2 155 
143 
142 
51 
92 
1 59 
2 148 
60 
160 
157 4 
3 155 
109 
156 2 
76 
62 
1 72 
71 
72 
55 
60 
55 
158 
60 
2 72 
162 
4 161 
95 
47 
60 
60 
153 
76 2 
142 
154 
60 
143 
63 
47 
58 
60 
98 57 
154 2 
56 
82 5 
164 
82 
158 
158 
66 
154 
58 
156 2 
3 155 
65 
54 
153 
45 
88 
82 2 
169 
161 
156 
4 158 
169 
164 
62 
156 
4 169 
160 1 
95 
58 
46 
149 
2 53 
72 
94 
164 
150 
98 
72 
140 
145 
76 
61 
98 2 
160 
150 
58 2 
153 
145 
149 
143 
54 
58 3 
3 61 
141 
2 148 
141 1 
56 
126 
160 1 
160 8 
164 3 
2 76 
143 
65 
98 
145 2 
149 
143 
75 
46 
126 
156 
51 
7 91 
1 51 
143 
149 
91 
7 56 
103 
148 
160 1 
95 1 
95 
143 2 
38 
160 
62 
51 
135 
95 3 
109 
56 
1 141 
162 1 
54 
67 
156 
150 
55 2 
143 
58 2 
66 3 
46 
1 94 
109 
65 
3 126 
149 
55 
164 
67 
103 
158 
49 
155 
140 
59 
135 
143 3 
91 
63 2 
146 
58 
57 
160 
51 
2 75 
142 
94 
55 61 
155 2 
156 
57 
1 57 
53 
70 
97 
160 164 
44 
2 88 
145 
158 
53 6 
169 
154 
53 
143 
91 
61 
97 
97 
158 
146 3 
95 
44 
66 
155 
47 
157 
46 
3 51 
153 
53 
2 58 
141 
2 75 
57 
143 
82 
62 
157 
152 
155 
158 
56 
58 1 
1 46 
143 
148 
160 
145 
165 
52 
146 2 
92 
54 
60 
158 
71 
2 61 
154 
141 
142 
157 2 
53 
141 3 
158 
85 
158 
148 
57 
66 
61 
2 145 
145 
75 
145 3 
62 3 
156 
154 
51 4 
153 4 
158 
160 
5 92 
98 
98 
141 
1 169 
59 
169 
109 
143 1 
156 
155 
3 145 
164 
91 
1 158 
150 
143 
50 
52 
153 1 
158 
56 
81 
1 85 
94 
145 
142 
2 141 
54 
83 
154 
126 
169 
3 103 
164 
1 143 
2 45 
154 1 
157 
2 51 
160 2 
75 
158 54 
70 
91 
57 
58 
55 11 
91 
55 
54 
98 7 
88 
58 
145 
60 
55 60 
148 
154 
156 
142 
164 2 
5 143 
158 1 
140 
150 
97 
165 2 
4 70 
70 
155 
51 
160 
58 
49 
164 
57 1 
2 66 
76 
142 1 
145 
154 
1 142 
1 70 
109 
59 
158 
1 135 
52 
156 
67 
4 54 
58 
54 
1 142 
162 1 
161 
60 
58 
70 
142 3 
1 158 
58 
1 94 
60 58 
156 
51 2 
67 
97 
46 
164 
92 
142 
150 1 
58 
70 
161 
155 
156 
2 94 
62 
156 
143 
164 155 
62 2 
57 
57 
72 
154 
48 
94 
145 
1 152 
143 
160 
164 4 
91 
2 152 
70 
8 63 
3 70 
66 
60 
46 
157 
140 70 
165 4 
57 2 
85 
126 
55 88 
154 
66 
49 
81 
141 
97 
155 
3 126 
145 
76 
57 
1 142 
1 85 
162 
143 
50 
57 
56 
157 1 
61 
57 
156 2 
156 
3 164 
71 8 
1 70 
58 
66 
154 
149 
162 
158 
54 
145 
154 
103 3 
135 
165 
54 
149 
63 
141 
164 
154 
148 
60 
95 
1 126 
143 2 
150 1 
150 
3 155 
60 
88 
9 161 
6 59 
61 
145 2 
81 4 
160 
149 
145 1 
109 
4 143 
109 
3 161 
126 
143 2 
50 
2 145 
156 
146 
59 
141 
51 60 
2 153 
57 
6 145 
81 
4 92 
82 1 
154 3 
152 
154 
97 3 
46 
149 
156 
4 164 
65 
57 
140 
3 142 
143 
145 
47 
150 2 
126 
70 
55 
164 
161 
155 
143 
156 
60 
55 
69 
142 
70 
155 
154 1 
69 
44 
98 
88 
156 
153 
70 
146 
155 
53 
55 
48 
85 
76 3 
4 164 
54 
45 4 
155 
97 
53 
72 
149 
57 
88 
148 
53 
143 
51 
150 
164 
95 
49 
158 
53 3 
149 
156 
76 
58 
53 
94 
4 70 
49 
55 
165 
152 
142 
150 12 
60 2 
62 
76 
155 
135 
149 3 
3 61 
150 
72 
1 143 
59 
141 
2 142 
4 60 
97 141 
3 65 
55 2 
145 
3 126 
72 11 
158 
126 
1 54 
58 
72 
141 
70 
53 
2 57 
66 
141 
142 
97 
148 
95 
160 
66 1 
53 
54 
92 
1 153 
57 
69 
81 
143 
58 
59 
75 
143 
141 
2 95 
48 
54 
62 
54 
135 
95 
61 
140 
60 
98 
60 
62 
55 
146 3 
5 70 
45 2 
143 2 
88 
157 1 
85 
155 
145 
1 97 
4 58 
60 97 
95 1 
65 
158 
67 
61 
155 1 
155 
155 
143 
70 
3 162 
58 
50 
2 169 
157 2 
70 
57 
169 
160 
150 
71 
164 
164 
72 
2 50 
142 
92 
98 
141 1 
4 69 
75 2 
61 
157 
143 2 
50 
69 
162 
165 
88 1 
158 3 
153 56 
162 
154 1 
156 
1 53 
154 4 
143 
54 5 
143 
154 
141 
157 
145 1 
55 
4 155 
56 
83 
160 
154 3 
143 
156 
156 
135 
153 
53 
81 
59 5 
57 
9 70 
58 
103 
72 
1 54 
165 
164 
169 
165 
51 
47 
158 
60 
51 160 
91 
140 
69 
156 
2 158 
3 155 
154 
95 
94 
54 
97 
69 
143 
57 1 
50 
54 
160 
161 
2 155 
156 
57 
61 
3 62 
49 
66 
72 
60 
46 
146 
49 
155 
154 7 
2 148 
150 
149 
161 
97 
58 2 
75 3 
3 142 
1 140 
57 
57 
83 
143 6 
148 
161 
157 
148 
156 
145 
143 
156 2 
81 
141 
1 53 
76 
103 1 
143 3 
165 
143 
161 
58 
146 
141 3 
2 82 
91 1 
51 1 
162 
3 140 
65 
54 
60 
154 
141 12 
153 
149 1 
55 1 
1 54 
148 
164 
1 155 
145 
54 
160 1 
160 1 
165 
1 56 
1 141 
3 85 
160 
1 72 
98 2 
143 
70 
142 
72 
57 
54 
1 169 
154 
53 
148 
161 
92 
158 2 
5 165 
2 57 
60 
140 1 
88 
1 145 
50 1 
160 3 
165 
55 
153 
143 
141 2 
60 
158 
81 2 
164 
152 
56 
98 
148 
58 
57 
65 
169 
62 
66 
158 
161 
149 3 
141 
53 
156 
65 
154 
55 2 
3 143 
81 6 
135 
56 
58 
126 
154 
97 
4 153 
76 
161 
135 
153 
4 148 
146 4 
97 
70 
62 3 
52 2 
70 
160 3 
1 152 
53 3 
62 2 
66 
3 140 
155 
156 
63 
1 143 
143 
145 2 
53 
83 
57 
126 
58 
60 
66 
145 
52 
4 154 
156 
61 
135 
154 
158 11 
58 
91 
143 1 
142 
158 69 
66 
155 
58 1 
154 
67 
6 45 
54 
82 
169 
135 
51 
160 5 
71 
66 2 
62 
143 
160 
146 
2 164 
158 
169 
97 
103 
152 
146 
155 
76 
1 58 
76 3 
97 1 
49 
160 
58 
153 
143 1 
140 
94 
164 
62 
153 
154 
72 
143 
58 
57 
44 
53 2 
91 141 
60 
164 3 
155 
61 
154 3 
88 
70 
76 2 
164 
94 
154 
92 
53 
149 
154 
149 
53 
62 
95 
61 
55 2 
97 
1 103 
57 3 
150 
141 
54 
98 3 
169 
62 
12 54 
162 3 
56 1 
57 
160 3 
97 
154 
47 3 
51 
53 
53 
162 
95 
154 3 
60 
1 98 
53 
160 2 
76 
143 1 
160 
143 
140 
2 63 
60 
152 
155 
152 
56 
135 
8 155 
158 
158 
83 
164 
53 
4 158 
143 
155 
63 
158 
81 
91 
3 76 
51 
47 
150 
152 
3 71 
75 
153 
91 
2 169 
142 
3 97 
51 
91 
145 
57 
165 
56 
162 2 
145 
54 
2 140 
2 148 
142 
150 
58 
98 
5 66 
94 
51 
55 
165 
49 4 
60 
1 44 
51 
83 
153 
50 
58 
61 
58 
143 
1 141 
154 4 
2 50 
60 
3 72 
158 
143 
2 142 
155 
162 
165 
57 52 
165 2 
57 
58 
82 
3 97 
149 
92 
58 
57 1 
3 140 
72 
91 
54 
135 2 
65 
4 70 
59 
160 
48 
156 
143 
58 
160 
155 
60 
70 
61 2 
157 
155 
160 
3 59 
95 
150 
58 
44 
143 
135 
57 
162 
160 
92 7 
60 
62 
109 
162 
150 
44 
142 2 
162 
162 
1 71 
72 
158 3 
2 54 
88 
109 
157 
55 67 
54 
88 
2 44 
141 
60 
65 
56 
2 59 
1 58 
92 
1 85 
154 
1 161 
51 4 
160 3 
92 2 
145 
3 149 
169 
164 2 
55 2 
3 155 
2 63 
46 
160 
164 1 
70 
161 
71 
60 
1 155 
157 2 
150 
59 
54 
2 60 
161 
65 
71 
60 
156 
60 
75 2 
65 
54 
2 62 
4 45 
98 2 
59 
76 
150 
156 
97 
61 
57 
47 
160 
45 
58 
98 4 
146 
55 1 
148 
54 
149 8 
51 3 
1 62 
146 
140 2 
162 
1 92 
94 3 
2 155 
52 4 
161 
149 
53 
4 169 
81 
57 
54 
160 3 
152 
72 
2 76 
3 63 
146 
2 126 
142 
57 
162 
141 
164 
3 140 
143 
150 
164 
66 
52 
162 2 
156 
60 
164 
155 
164 
164 
154 
56 2 
2 54 
50 
162 
160 
140 
164 
152 
97 
154 
158 
57 
57 
156 
45 
54 
155 
140 
160 
53 
156 
51 
149 
141 
56 
65 
152 
95 
135 5 
3 57 
164 60 
58 
56 5 
157 3 
54 
61 
143 
145 2 
59 
153 
160 4 
126 
164 
165 
148 
56 
2 92 
160 
140 
54 
70 
150 1 
69 
1 58 
142 
2 97 
141 
154 3 
145 
155 
150 
2 126 
165 2 
142 
1 145 
150 
146 1 
65 
94 
169 
150 2 
156 
156 
98 
56 3 
154 
157 
60 
4 145 
76 1 
160 
154 
81 
141 
55 
71 
162 
61 
54 
2 162 
81 
48 1 
149 2 
155 
58 
54 
143 
156 
45 
57 
165 
48 
57 
51 
145 3 
165 
72 
55 
98 3 
141 
94 
149 
143 
149 
95 
164 
141 
158 
143 
58 1 
154 
57 
60 
154 
165 162 
152 
160 
148 
165 
61 
3 135 
164 
58 
156 
152 
65 
58 
154 
57 
1 63 
2 58 
62 
61 
1 75 
92 
164 2 
160 
59 
55 
153 
164 
161 
63 
154 
103 
2 141 
141 
52 1 
62 
156 4 
97 
83 3 
97 
88 
49 
44 
3 95 
140 
56 
154 
155 
60 
154 135 
85 
164 
1 97 
85 
57 
143 
95 
126 
154 6 
67 
54 
146 1 
156 
154 3 
59 
160 
158 
92 
70 
91 
156 2 
169 
143 
48 
4 51 
3 154 
44 1 
61 
82 2 
109 
169 
103 
51 
154 
48 
169 
57 
2 145 
65 1 
146 2 
65 
160 
91 
158 
155 
56 
164 2 
160 
141 
154 4 
140 
1 56 
59 
70 
76 
2 141 
5 152 
2 156 
55 2 
158 
143 
2 70 
2 155 
56 2 
160 
164 4 
142 
155 
160 
2 59 
72 3 
142 
145 
69 
141 
3 44 
135 2 
59 
165 4 
60 
58 
160 143 
62 
55 
146 1 
145 4 
1 85 
58 12 
85 
60 2 
55 52 
141 
83 
46 
3 161 
146 
135 
63 
2 143 
145 
154 
157 
58 
3 70 
54 
57 
158 2 
160 
1 61 
169 
164 
150 1 
51 
58 
158 
38 
1 88 
5 97 
53 
81 
143 
1 70 
4 55 
156 
141 57 
51 
152 
98 1 
164 
160 
58 
161 
5 155 
169 
156 3 
143 3 
57 
65 
1 152 
154 
58 
55 3 
60 60 
70 152 
1 155 
58 
50 
56 2 
66 
1 49 
162 1 
162 
53 
56 1 
164 
153 
58 4 
47 
2 70 
65 
57 
152 
1 72 
154 
57 
58 
165 
4 148 
4 169 
148 
54 
7 135 
51 
140 2 
146 4 
1 164 
44 
153 
158 6 
88 
58 
2 152 
155 
156 
155 
70 2 
160 
152 
75 4 
141 
62 
51 
135 
150 
162 
52 
60 1 
60 
72 
97 
91 
146 
143 3 
4 57 
57 
81 
62 
4 145 
65 
160 
98 
162 
81 
60 
4 58 
154 2 
3 63 
70 
156 
59 
56 
2 97 
165 
85 
158 
66 
97 
61 
155 
140 
162 
1 44 
156 
59 
3 54 
148 
157 2 
97 3 
53 
57 
155 
3 98 
143 
38 
103 3 
142 
59 
154 
1 57 
126 
156 
58 1 
59 
54 
153 
98 
55 1 
56 
4 50 
59 3 
158 
158 3 
48 
2 169 
52 
152 
3 97 
6 72 
157 
143 
146 
160 
53 
2 71 
153 
60 
81 
57 
58 
140 
2 152 
53 
61 
169 
58 
142 
135 
145 
3 65 
92 
154 
146 
57 
146 
1 98 
57 
154 
98 
58 
140 
157 
57 
3 59 
92 
57 
60 
158 
75 
97 
154 
56 2 
47 4 
1 148 
145 
67 
95 
152 
98 
158 
150 1 
169 3 
158 
164 
156 
57 
169 
140 
95 8 
155 2 
145 
3 57 
51 
141 
66 1 
158 
141 
2 103 
55 2 
156 
67 
1 48 
45 3 
154 83 
143 
57 
141 
61 
164 1 
7 109 
58 
142 
143 
98 
57 2 
45 
51 3 
63 2 
152 
1 71 
155 
4 55 
56 2 
94 
51 
109 
46 3 
59 
158 61 
65 2 
162 
3 54 
156 
155 
92 
149 2 
66 
58 
158 
145 1 
2 154 
156 
58 
60 
54 
143 1 
164 
162 
1 50 
156 
57 
97 
143 
155 
67 
91 
156 
155 
88 2 
85 
51 
149 
141 
109 
9 141 
141 2 
72 
143 
54 4 
3 59 
51 6 
150 
143 
1 65 
2 97 
53 
57 
154 4 
60 
149 91 
158 
150 1 
135 
56 
58 
53 152 
62 
161 
169 
164 
98 
58 
145 1 
2 45 
56 
45 
141 
161 
95 
91 
158 
98 
143 
53 
58 
61 
148 
157 
97 2 
148 
154 3 
153 
54 
61 
154 
62 
169 
60 
164 
58 
51 
154 
165 1 
140 
157 
98 
57 
146 
92 
149 
148 
135 
154 2 
61 
155 
145 
58 
135 
57 
56 
1 169 
54 
2 162 
65 
52 
91 
91 
70 
160 
154 
94 2 
150 
55 
149 
60 
165 
146 3 
2 161 
53 
56 5 
56 
109 3 
1 69 
53 
157 4 
152 
8 62 
149 
145 
82 3 
155 
58 
154 
57 
60 
160 
54 
155 
153 
2 143 
158 
57 
58 1 
61 4 
164 
46 
157 
153 
156 
60 
47 
145 1 
156 1 
49 
157 2 
161 
141 
143 2 
146 
55 
61 
48 
154 
145 
155 
65 
46 2 
169 
81 
83 
154 
56 97 
140 
46 4 
45 
61 3 
149 
169 
164 
154 2 
57 
38 
169 
165 2 
154 
145 
56 
146 
92 
160 
143 
150 
165 
140 
62 3 
54 
95 
57 
94 
4 161 
70 
60 
56 
82 
56 
162 
156 
149 
3 164 
156 
44 
143 
141 
81 
61 2 
1 153 
4 169 
63 
164 
156 
152 
1 103 
149 
157 
97 
145 
53 
1 54 
72 
157 
54 2 
158 
160 141 
54 
154 
2 152 
154 
53 
148 
164 
143 
154 
56 
3 109 
66 
6 152 
160 
62 
143 4 
57 
61 
82 
143 
66 
4 55 
150 
76 
142 
3 126 
3 156 
126 
149 
143 
65 
161 
126 
2 65 
59 
160 3 
142 
55 109 
143 
60 2 
60 
2 155 
141 3 
51 3 
57 
143 2 
1 158 
66 
142 
160 
154 
91 2 
56 
1 76 
49 
158 
149 1 
53 
49 
61 
95 
126 
92 
2 70 
49 
145 
1 141 
72 
162 
141 3 
54 
145 
60 
160 
141 
52 
153 
48 
141 
162 
149 
1 54 
154 
156 
58 2 
65 
1 71 
54 
135 
158 
51 
143 1 
66 
3 109 
3 58 
55 
76 
135 
92 
82 
141 
97 
57 
150 
55 
135 
60 
126 
66 
162 
97 
59 
38 3 
70 
157 
161 
60 
157 
2 141 
154 
94 
154 
81 
154 1 
71 
4 153 
3 67 
158 
154 
65 141 
54 
98 
95 3 
82 
160 
55 3 
165 1 
53 
164 
143 
69 
1 44 
97 
153 
1 140 
146 
3 158 
58 
61 
155 
153 
58 
53 
54 4 
154 
4 143 
2 141 
2 66 
83 
62 3 
65 
2 143 
1 169 
65 
145 
61 1 
60 
82 
154 
69 
60 
164 5 
53 140 
53 
150 69 
154 3 
85 
97 
164 
165 
161 
57 148 
161 
2 52 
62 
50 
2 155 
97 
71 
54 
50 
157 2 
88 
152 97 
141 
54 
95 
156 
75 
85 
75 
165 
143 
69 
95 2 
1 150 
63 
160 
81 
54 
44 
51 3 
149 
154 
58 
160 
145 
2 141 
54 
63 
66 
143 
98 
81 
57 
160 3 
150 3 
60 1 
54 
61 
158 
154 
60 
65 
103 
103 
143 
148 
56 
49 
156 4 
55 
165 
50 
59 3 
65 
152 
45 
156 
44 
160 
164 
54 
57 
53 
169 
51 
45 
58 
70 
145 
55 
156 
61 
2 54 
98 3 
140 
156 
160 
154 4 
154 3 
2 62 
164 
91 
81 
162 
71 
2 44 
95 
72 
141 
3 154 
98 
57 
49 
67 
152 
56 
141 
109 
2 88 
3 59 
154 
53 
154 
2 67 
56 
66 2 
141 
45 
140 
8 148 
3 148 
162 
145 
55 
154 
46 
126 
164 2 
1 49 
52 
150 
1 155 
135 4 
48 
56 
60 
55 
143 
95 
1 95 
140 
56 
81 
58 
55 
154 
157 1 
2 85 
141 
60 
45 
54 
155 
49 
98 1 
161 
164 
158 
4 152 
155 6 
148 
53 
165 
162 
160 
143 
92 1 
70 
98 
3 145 
63 
57 
82 
154 
143 
2 152 
156 
58 
97 
2 156 
155 
62 4 
95 3 
150 
12 63 
54 
44 
60 1 
60 
142 
58 
94 
50 
71 
91 
54 5 
141 
58 
2 59 
53 
57 
98 2 
143 
141 1 
60 
143 
165 
155 
153 
164 
145 3 
165 
1 70 
154 
154 
1 153 
1 97 
141 
135 
143 
97 
160 
162 4 
45 
1 155 
160 
56 
97 
142 
95 
98 
2 56 
143 
71 
57 
60 
154 
1 141 
4 66 
141 
70 
81 3 
67 
141 
2 155 
57 
154 4 
143 
97 
66 
54 
3 155 
60 
95 
72 
143 
160 
45 
53 
126 
81 
142 
145 
61 
58 9 
1 72 
98 
162 1 
95 
158 
155 
55 
2 95 
1 61 
135 
1 70 
165 
3 58 
67 
156 
3 98 
169 
142 
50 
162 
1 145 
58 
143 
56 
162 
97 
57 
164 
59 
1 56 
70 
2 61 
58 
135 
57 
162 
48 
97 
156 1 
54 
109 
150 
109 
143 
56 2 
56 
63 
82 2 
156 
56 
158 
143 
58 2 
160 
83 1 
70 
164 
58 
51 
44 
97 
1 160 
2 56 
94 3 
58 
141 
165 
140 
60 
57 3 
58 
98 7 
92 2 
2 155 
164 
2 53 
98 
142 
150 53 
162 
57 
164 
62 2 
3 58 
55 1 
3 46 
88 
57 
45 
82 
60 
58 
94 169 
162 2 
66 156 
71 
70 
143 
95 
81 
146 
62 
154 
141 
143 1 
63 
152 
143 
58 
161 
60 
8 70 
81 8 
76 
165 
158 
2 98 
75 
98 
46 
135 
2 143 
154 
109 
58 
164 3 
83 
59 70 
60 
60 1 
92 
59 1 
143 
62 153 
3 149 
164 165 
103 
140 
164 
97 
58 
154 4 
140 
58 
142 
53 
3 55 
156 
82 
140 
150 
62 
56 
165 
143 
143 
156 
156 
165 
94 
60 
55 
154 
160 
57 2 
1 145 
54 
154 
56 
53 
145 1 
1 53 
82 
143 3 
82 3 
49 
4 61 
146 
82 1 
98 
164 
162 2 
72 
156 
56 2 
126 
109 
97 
60 
5 143 
142 
154 
164 2 
152 
2 58 
88 
70 
2 98 
1 94 
1 98 
135 
164 
50 
58 1 
57 4 
155 4 
103 
165 
58 
1 63 
83 
162 
160 
149 
140 
4 155 
165 
50 
56 1 
57 
149 
3 152 
161 
2 142 
103 
95 
126 
76 
158 
57 
154 
145 
58 
169 
81 
58 
72 
63 
160 
3 97 
58 
3 158 
54 
83 
60 
3 71 
46 
1 76 
153 4 
154 2 
3 161 
45 155 
141 
3 62 
95 
2 56 
158 
141 
153 2 
2 95 
76 
50 
149 
164 
91 
162 3 
95 
154 
57 4 
149 
154 3 
60 4 
60 
70 
56 
126 
60 
157 
158 
56 
154 2 
158 
2 54 
62 
157 
55 
140 
154 
155 
88 
154 
51 
49 
65 
62 160 
156 2 
135 
54 
4 154 
143 
44 
57 2 
54 
54 
141 
158 
160 
109 
57 3 
1 65 
154 3 
164 
2 154 
148 
4 164 
154 
94 
148 
63 
164 
160 
57 1 
53 
143 4 
3 109 
145 
146 
141 
109 
95 
135 
67 
103 1 
58 
143 
48 7 
152 
150 3 
146 3 
164 
156 
141 
59 
49 
1 143 
141 
70 
143 
98 
46 
46 
158 
2 50 
161 
169 
98 
95 
160 
2 140 
143 
58 
85 
3 54 
154 
158 
88 
143 3 
160 
160 
126 
60 
51 3 
164 
154 
143 
160 
164 
141 
60 
141 
54 5 
143 
145 
146 
67 
2 146 
75 3 
156 3 
156 
135 
66 
4 155 
56 
57 
56 
91 
158 1 
146 
3 51 
160 1 
143 2 
164 
154 
135 
46 
75 2 
60 
157 
1 126 
60 
97 1 
58 
76 
65 
57 
1 59 
156 
157 2 
57 2 
11 70 
143 
164 3 
142 
45 
61 
65 
153 
160 
160 
162 
3 58 
45 
150 
165 3 
62 
98 5 
158 
165 
160 
65 
55 2 
135 
60 
155 
59 
145 
154 
94 
143 
141 
88 
60 
60 
2 126 
3 155 
97 
95 
88 4 
1 109 
54 
65 
165 
153 2 
161 
65 
164 
57 
44 
155 
156 
2 60 
1 95 
158 5 
54 
1 88 
152 
152 
155 4 
82 
142 
143 
158 
1 141 
88 
60 
126 
49 
62 9 
154 
142 
155 
153 
97 
60 
142 
67 
156 
2 148 
61 
160 
50 
141 
54 1 
140 
1 49 
164 
57 2 
83 
169 
158 
58 3 
149 
60 1 
58 
160 45 
60 
153 
65 
143 
58 
75 
153 1 
60 2 
53 
143 
165 
54 
157 3 
143 
60 
126 
135 
153 
160 
56 2 
53 3 
164 1 
4 143 
58 
156 4 
3 145 
3 88 
156 
88 
49 
141 
65 
2 140 
57 
60 
149 
143 
57 
57 
54 
160 
141 
157 2 
154 
2 160 
82 
2 56 
155 2 
57 
164 1 
152 
72 
145 
146 
56 
155 
52 
160 4 
154 
145 
149 
156 3 
145 
3 103 
57 2 
50 
145 
69 
149 
143 
143 
158 
143 
164 
154 
160 
145 
92 
150 
141 
72 
160 
165 
154 
56 1 
81 
6 143 
154 1 
154 
143 
143 
91 
92 
82 
160 
52 
160 
155 
154 3 
155 
162 
158 
153 
3 44 
154 
154 1 
57 
92 
142 
45 
2 59 
69 
140 
81 3 
58 
146 
146 1 
53 92 
57 9 
51 4 
150 
126 2 
143 4 
164 
162 
3 70 
155 
1 148 
54 
164 2 
160 
160 4 
82 
72 
143 2 
50 
98 3 
54 
157 
48 
143 
81 2 
54 
51 1 
154 1 
46 83 
135 
154 
97 
1 150 
83 
60 2 
149 
66 
157 2 
146 3 
143 
154 8 
52 
3 56 
169 
83 57 
148 
3 94 
95 
95 
157 
61 
54 
162 
72 
61 
153 
146 4 
59 
154 
55 
81 3 
135 
51 
67 
65 
154 3 
3 58 
57 
158 
59 5 
50 
69 
143 
3 67 
165 3 
98 
3 61 
165 
54 
141 
48 
149 
51 
2 109 
109 
58 
154 
98 
160 
143 
63 
155 
109 
2 88 
155 
55 
164 
2 152 
38 
1 45 
156 
155 
98 1 
152 
155 
155 
57 
67 
97 1 
155 
165 
51 
82 1 
50 
57 
97 
85 
4 65 
59 
66 
164 
3 56 
56 
63 
140 1 
3 69 
45 
98 
55 
50 
141 
3 65 
143 
155 3 
83 
126 
3 142 
54 
160 
58 
3 48 
97 
160 
141 1 
5 141 
72 
60 1 
162 2 
156 
154 3 
54 
155 
157 
154 
143 
56 5 
53 
162 3 
143 4 
50 
169 
66 1 
142 
69 
83 
148 
58 
1 50 
143 3 
56 
55 
155 
3 143 
140 1 
55 
155 
67 
156 
61 
164 
58 
46 3 
82 
1 135 
58 
58 
143 
146 
72 
162 
146 
143 
165 
51 
58 
3 155 
95 2 
156 3 
81 
150 6 
160 
3 152 
135 
38 1 
165 1 
154 
65 
72 
97 
46 
5 142 
141 
1 97 
75 
58 
1 53 
156 
98 
154 
5 161 
155 
149 
3 98 
46 
143 
1 94 
1 85 
65 
135 
95 
61 1 
45 
126 
165 
82 
69 
152 
49 
156 
2 126 
161 
58 1 
55 
169 
157 1 
161 
95 
1 95 
54 
1 54 
157 57 
58 2 
70 
162 
59 
156 
49 
4 152 
62 
44 
62 
154 148 
164 
146 72 
47 1 
164 
152 
98 2 
2 72 
95 
97 
156 
164 
91 2 
160 
4 88 
94 49 
98 
5 154 
153 
58 
4 46 
50 
103 
71 3 
154 
56 
59 
1 152 
162 
97 
55 3 
58 
59 
65 
161 
54 
135 
56 1 
85 56 
164 2 
160 
135 
57 
85 
158 
75 3 
154 
70 
165 
88 72 
46 
150 
60 
75 
143 
88 
160 8 
66 
156 
56 
58 
85 
154 
94 
157 
57 
160 
145 
142 
57 
56 2 
153 
169 
60 
143 
46 2 
51 
70 
71 
143 
146 
103 145 
2 60 
53 
2 46 
160 
164 
160 
156 
94 
145 
154 
53 
54 
141 
141 
160 5 
1 152 
150 
143 55 
3 70 
158 
160 
154 2 
65 
150 
95 
152 
4 142 
95 
51 
145 
145 
148 
58 
161 
97 2 
1 161 
142 
55 2 
160 
135 
164 
72 
157 
1 153 
60 
141 
153 
165 2 
57 
4 88 
94 
2 156 
98 
164 
70 
2 57 
57 
165 
143 1 
157 
65 
46 
155 
165 
51 
156 
4 126 
69 
3 57 
65 
62 3 
150 
145 
46 
60 
54 
155 
56 3 
67 
70 
158 
140 
142 
149 
72 
3 50 
61 
58 3 
66 8 
95 1 
97 
160 3 
66 60 
2 55 
126 
3 145 
66 2 
126 
57 2 
135 
155 
3 140 
95 
152 
88 
109 
143 
141 
49 
66 11 
1 126 
50 
2 57 
153 
91 
97 
154 3 
53 
75 
145 1 
141 
158 
142 
51 
95 3 
95 
145 
4 97 
81 
164 
155 2 
58 2 
154 
164 2 
56 
149 
57 
148 
55 
149 
141 
69 
2 59 
4 76 
46 
142 
60 
155 1 
56 
2 53 
54 
70 
1 91 
38 85 
88 
61 
61 2 
95 
169 
62 161 
49 
55 1 
60 
2 70 
103 59 
55 
146 2 
60 
83 
155 
165 2 
82 
164 2 
160 1 
54 
155 
155 
158 
58 1 
98 
157 
160 
54 
65 
49 
3 155 
160 
55 
1 161 
155 
88 2 
38 
57 
161 
145 2 
58 
150 
70 
1 148 
53 3 
1 155 
56 
160 
156 
164 
38 
97 
98 
126 
57 
164 
155 
94 
57 
1 161 
169 
1 153 
140 
153 
54 
83 
1 55 
143 
83 
54 
154 
155 
155 
56 
154 1 
154 1 
65 
92 
61 
150 
57 
145 
2 158 
70 
2 155 
161 
160 
155 
45 
60 
158 
44 
51 
5 60 
141 
60 
54 
72 
158 2 
156 
154 
50 
165 
95 
154 
45 
160 
158 6 
154 
164 
61 
65 
2 158 
154 
135 60 
143 2 
60 
165 
162 
4 45 
65 
58 
70 
55 3 
161 
49 
60 1 
58 
50 
98 
54 
145 
157 
98 
81 
143 
82 
158 
149 
164 
143 
103 
164 
157 3 
126 
169 
143 
66 
153 
51 2 
154 1 
6 161 
51 
92 2 
4 145 
38 
161 
49 
53 
2 153 
157 
51 
161 
157 5 
154 1 
156 
141 
53 
164 
49 
54 
91 
55 2 
2 53 
1 61 
143 2 
52 
49 3 
6 53 
60 
55 
8 169 
70 
1 70 
143 
58 
156 
94 
65 
143 1 
143 2 
1 143 
81 
1 56 
1 85 
157 3 
97 
145 
3 148 
155 
140 3 
156 
2 155 
5 60 
1 145 
60 142 
158 
148 
158 
88 
46 
152 
141 6 
158 
158 
38 
153 
60 
162 
98 
162 2 
145 
160 2 
149 
98 
54 
158 
59 
70 
150 
103 
58 
164 1 
164 
2 148 
153 
85 3 
156 2 
48 
2 142 
58 
54 
60 
143 
143 
55 
60 
141 
98 
56 2 
12 98 
153 
82 3 
75 
156 
58 1 
160 
165 
156 
1 162 
61 
164 
162 
98 4 
72 
1 145 
97 
70 
72 
2 58 
2 58 
109 
142 
146 
46 156 
92 1 
160 
150 
160 
69 
148 
82 1 
75 
3 50 
97 
1 158 
165 
70 
56 
160 3 
126 
4 153 
62 
2 53 
1 158 
143 4 
148 
156 2 
61 2 
158 
56 
150 
60 
154 
145 
146 9 
57 94 
164 
3 91 
2 135 
69 
72 
164 
149 
56 
1 56 
75 
69 
165 
146 
85 
1 148 
88 
5 135 
143 
149 4 
60 2 
60 
143 
61 
65 
82 2 
143 
161 
67 
2 145 
72 4 
58 
142 
143 
97 
46 
155 
83 
38 
51 
65 
60 148 
2 135 
143 1 
142 
150 
2 45 
76 2 
155 
141 
126 
126 
153 
53 
152 
143 
60 1 
143 
83 
95 1 
153 
4 153 
3 158 
154 
2 76 
154 2 
98 4 
95 
145 
57 
47 
155 
4 158 
154 1 
59 
103 
54 
61 1 
1 83 
91 2 
164 3 
135 
63 
4 161 
2 158 
57 
149 3 
66 
145 
141 
154 
162 3 
54 
58 
75 
142 
154 1 
158 
162 
135 
69 
94 
54 
157 
60 
158 
72 
58 
152 2 
156 
81 
158 
1 65 
45 
72 
56 3 
164 
60 
55 
152 
169 
3 58 
1 65 
143 
65 
49 
156 
1 155 
2 57 
66 2 
152 
143 3 
5 85 
169 
145 
54 
63 
2 145 
160 4 
2 67 
152 
59 
65 
1 57 
58 4 
145 
148 
2 95 
46 
94 
103 
56 3 
60 
150 4 
149 3 
146 
169 
47 
56 
57 
1 81 
71 
60 
57 8 
155 
142 
56 
164 
66 
2 135 
149 
109 2 
54 
140 
54 143 
145 2 
75 
150 
154 
154 6 
146 
44 
72 
91 
1 150 
152 
103 
109 
58 2 
161 
97 
94 
2 154 
154 2 
142 
126 
92 
153 140 
1 155 
153 
97 
71 
58 
161 
51 
57 
61 
98 
97 
92 
158 
58 
57 
56 
156 
94 
70 
2 142 
141 4 
61 
4 169 
150 
149 
51 4 
165 2 
62 
154 
62 
60 2 
81 
50 
54 
61 
57 
72 4 
158 
65 
1 160 
135 
55 
58 
160 
98 4 
1 126 
60 
143 
60 
56 
155 1 
148 
97 
158 
50 2 
56 
57 1 
140 
1 143 
156 
2 51 
162 
109 
153 
145 
142 
160 3 
54 
54 
154 
103 
1 158 
53 
154 
160 3 
55 
2 169 
156 
153 
158 4 
135 
72 
154 
46 2 
46 
3 97 
164 
158 
91 
154 5 
143 
126 
143 
45 4 
57 
109 
67 
88 
126 
143 
66 
54 
165 
1 69 
3 145 
2 143 
143 
54 
154 
2 70 
60 
154 3 
81 3 
61 
141 
56 
154 2 
141 
154 
58 126 
60 
154 
58 
57 
154 2 
157 
72 
1 57 
158 
61 141 
1 169 
46 
157 
161 
154 2 
162 
161 
70 
66 
88 
2 70 
57 4 
47 
5 70 
2 48 
156 1 
145 
164 2 
60 
165 
2 155 
150 3 
59 2 
2 72 
158 
140 
81 
47 
156 1 
70 
158 
54 
57 4 
53 3 
2 162 
154 6 
58 
2 109 
62 
155 
2 49 
164 
135 
2 55 
98 
109 3 
61 
83 
154 
54 
150 
155 
52 2 
165 1 
143 
160 
143 83 
146 3 
160 
135 
165 
164 2 
143 
72 
48 4 
160 
143 4 
143 1 
60 
155 
3 57 
1 88 
160 
63 
71 
126 
67 
54 2 
72 
95 
2 160 
70 
126 
61 
83 2 
145 
103 
1 109 
50 
56 
85 
45 
55 2 
46 
92 
97 
142 
97 
103 
56 
72 
46 
59 2 
62 2 
2 81 
82 4 
164 
95 
154 
92 
4 58 
2 142 
146 
126 
154 2 
169 
95 
3 154 
3 161 
164 
97 
45 
145 
52 
2 156 
161 
158 
164 
56 
156 
154 
54 
135 
161 
141 
164 
55 56 
62 
145 
156 
164 
56 
164 8 
91 
47 
62 
65 
161 
58 
60 1 
94 
154 
70 
55 98 
3 61 
154 
156 2 
164 
154 
1 156 
91 
88 
157 162 
161 
158 
2 152 
109 2 
158 
60 
62 
135 
158 
58 
52 
164 
67 
160 2 
2 59 
1 169 
76 
53 3 
58 1 
2 54 
154 
160 
152 
141 
161 
62 
162 
154 
54 
162 1 
160 1 
3 61 
164 1 
58 
71 
126 
54 1 
155 
165 
88 
57 3 
126 
70 
160 
143 2 
164 
75 
55 2 
57 
140 
152 
150 
142 
165 
70 
141 
165 
92 
83 
154 3 
156 
62 1 
150 2 
98 
126 
44 
103 
141 
2 72 
2 152 
70 
154 
56 
146 
103 
58 
3 65 
54 
103 
48 
1 60 
12 53 
164 
153 
160 
58 
57 
135 
2 56 
3 161 
142 
2 57 
149 
145 
3 76 
54 
49 3 
156 
169 
76 
143 
8 54 
4 70 
4 160 
162 
56 
82 
2 161 
63 2 
5 51 
156 
164 
162 
60 
154 
3 71 
157 
46 
160 
154 
156 2 
164 
162 
58 
1 145 
165 
148 
154 2 
160 2 
148 
165 
1 141 
76 
56 
54 
145 
46 
158 2 
148 
1 140 
146 3 
143 
66 1 
58 
162 
154 
51 
141 
63 
157 
158 
3 46 
154 5 
143 
60 
155 
2 153 
153 
60 
65 
97 
149 2 
143 
158 
157 
154 
54 
66 
169 
146 
98 2 
143 
149 2 
61 
2 85 
71 
62 
54 
70 
98 
98 1 
98 2 
160 
156 4 
60 
94 
58 
63 
1 56 
103 
81 3 
98 
157 4 
3 145 
59 
98 
157 
145 
61 
135 
140 
158 
83 
145 2 
143 
75 
2 61 
146 
71 
158 
156 
164 3 
161 
155 3 
145 
51 
54 
156 
1 126 
53 
146 3 
165 
55 
155 
76 
85 
55 
2 69 
162 6 
51 
95 
160 
53 
52 
51 
60 
91 
48 
1 155 
62 
57 
62 
154 
164 
53 
95 
38 
58 
76 
56 
66 
71 
143 
148 
72 
55 
141 
70 
169 2 
69 
161 
66 
58 
154 
158 
57 
140 
1 49 
2 46 
143 
61 
2 155 
140 
95 1 
158 
154 
141 
60 
97 
81 
156 
45 
38 
156 
149 
154 
152 
160 1 
45 2 
69 
140 
98 
154 
164 
149 57 
3 60 
54 
2 57 
3 56 
58 
150 
58 
153 
62 
142 
152 
158 
57 
145 
60 
164 2 
153 
1 70 
103 
75 
56 
45 8 
70 
126 
50 
3 72 
58 
161 
57 
143 12 
169 
5 57 
60 
1 155 
143 
143 
164 
61 
55 
160 
60 
83 
157 
1 60 
56 
61 
66 
98 3 
56 
150 
72 
156 1 
47 
72 
155 
155 
63 
65 1 
153 
154 
53 
69 
158 9 
155 
154 
91 2 
158 
95 
2 44 
56 
2 97 
3 45 
146 
91 
95 
60 
82 
152 
2 76 
156 1 
169 
169 
164 2 
146 1 
169 
152 
155 
53 
141 
103 
165 
154 
52 
88 
48 4 
52 2 
164 
49 
135 
65 
156 
97 
60 
155 
57 
7 169 
156 
154 
54 
2 97 
162 
154 
65 
55 
160 
103 
1 140 
66 1 
67 
155 
158 
4 67 
156 
153 
54 1 
157 
61 2 
46 
57 
3 155 
88 2 
169 
160 
3 155 
154 1 
95 161 
59 
58 
6 97 
157 
103 3 
72 
103 
2 155 
76 3 
57 
58 
162 
154 
54 
57 
3 53 
164 
72 
48 
1 158 
92 
55 
85 
109 
81 
145 
98 
54 
3 161 
164 67 
46 
3 70 
103 
72 
44 
154 
44 1 
48 
4 61 
165 
156 
66 
57 
54 
153 
148 
164 54 
51 
154 3 
59 
142 
88 
154 
83 
156 
95 1 
92 
54 
143 
2 165 
57 
149 
81 
92 
155 
143 12 
59 
152 
61 2 
60 
160 
143 1 
60 
45 
76 
156 2 
55 161 
148 
54 
97 
153 
154 
150 
58 
2 71 
72 
149 2 
65 
1 71 
60 
57 58 
103 
154 
164 
154 
158 
49 
94 
72 
140 
126 
2 126 
154 
82 
2 46 
98 
156 
158 
140 
50 2 
169 
46 
85 
157 
165 1 
154 4 
70 
95 
2 161 
53 1 
47 62 
60 
161 
158 
165 4 
150 
51 4 
158 
45 
58 2 
70 
58 
70 
54 2 
70 
158 
158 2 
158 
143 
3 70 
154 2 
65 
148 
164 3 
1 141 
55 
157 1 
48 3 
143 
65 
160 
164 4 
4 148 
145 
55 156 
98 
55 
158 
56 
66 
154 2 
3 145 
169 
153 
165 
156 
55 
54 
97 1 
83 3 
141 
81 
58 1 
3 145 
61 
5 141 
145 
97 
160 
164 
76 2 
60 
103 
143 
156 
2 154 
164 
97 
82 
150 
152 
53 
58 
155 
158 
57 
1 148 
152 
2 148 
95 2 
95 
49 
97 
154 
63 
2 98 
49 
52 1 
55 4 
155 
152 
47 
70 
60 2 
91 141 
91 
60 
60 
161 
143 
135 
169 
58 2 
58 
57 
145 
164 2 
164 
153 
126 
149 
160 
164 
160 1 
126 
63 
7 162 
141 
145 
160 
164 
156 
153 1 
60 3 
145 140 
2 72 
97 
8 72 
54 
152 
48 
60 
2 72 
3 57 
1 60 
154 
4 60 
44 
154 
156 
160 
51 
160 
69 
92 
85 
91 1 
57 2 
50 
162 
53 
3 94 
154 2 
140 
156 
150 1 
70 
140 
1 126 
50 
3 152 
4 72 
56 
135 3 
142 
149 
62 
88 
62 
158 57 
52 3 
148 
140 
85 
57 
4 158 
140 
55 
50 
141 
156 
153 3 
140 
50 
152 
164 
50 
142 
50 
146 
152 
8 148 
55 
143 
83 3 
160 
156 
8 148 
141 
143 
8 65 
69 
3 54 
1 65 
145 
4 59 
98 1 
76 
165 
2 69 
55 71 
156 
2 150 
92 
3 61 
141 
75 
152 
66 
164 
148 
3 145 
58 
154 2 
153 
95 
1 94 
72 
165 
60 11 
2 72 
164 1 
56 
58 2 
4 57 
165 2 
158 
150 6 
161 
160 
141 
97 
95 
160 
4 62 
146 
146 
47 1 
169 
145 
145 5 
169 
69 
154 
95 
81 
160 
