3 59 
87 
161 
1 146 
153 
144 
2 55 
159 
54 
0
62 
159 1 
145 
65 3 
61 1 
156 
65 
60 
155 
0
4 157 
161 4 
143 
164 
46 
62 
148 
87 
99 
60 
147 
93 
62 
140 4 
140 1 
59 
3 66 
144 
161 2 
88 
59 
88 
60 2 
145 
59 
153 
3 152 
57 
159 
97 
54 
146 3 
158 
55 
59 
93 
106 
143 
1 173 
0
61 3 
128 
106 
159 
155 
145 2 
99 89 
156 
60 5 
147 
3 92 
65 1 
1 155 
145 3 
93 
66 
5 152 
87 
158 
3 57 
136 
162 
54 
57 
96 
87 
157 
144 1 
89 
100 
68 
153 
128 
134 
57 2 
59 
54 
99 
1 54 
93 
159 
54 
2 54 
65 
99 
45 
1 111 
143 
88 
70 
59 
87 
54 
0
147 
145 1 
68 
159 
151 
52 
145 
96 
1 42 
60 
66 
48 
157 
3 57 
89 
146 
128 
148 
92 3 
87 
52 
156 
65 4 
134 
173 
156 
144 
52 
3 156 
173 
143 
158 
128 
159 
148 
2 87 
67 
3 154 
51 
2 144 
61 
97 
157 
0
162 
161 
99 
67 
156 
159 
144 
53 
3 60 
152 
155 
48 
99 
153 
162 
0
147 7 
145 
58 
111 
2 173 
148 
5 42 
134 3 
68 
88 
146 
45 
57 
92 1 
51 
97 
155 
148 
87 
2 93 
2 144 
128 
57 2 
134 
64 
173 
144 
158 
153 
96 
38 
144 
147 
1 59 
56 
144 
153 
92 3 
63 
1 156 
54 
162 
144 
48 
154 
54 
1 56 
93 
147 3 
2 152 
99 58 
144 
0
147 
1 144 
161 
149 3 
128 
2 159 
3 159 
51 
3 56 
89 
67 155 
88 3 
155 
5 144 
62 2 
3 111 
145 
152 
90 
159 
47 
145 5 
62 
100 
87 
162 1 
89 1 
145 4 
1 136 
144 
162 
2 67 
155 1 
158 
51 
53 
106 3 
134 1 
159 
2 144 
128 
68 3 
65 
57 2 
0
58 
56 
55 
90 
140 1 
106 
99 
144 
93 
56 
106 
2 143 
159 
2 153 
50 
153 
58 1 
155 3 
173 
155 4 
2 156 
63 5 
164 
44 
55 
59 
44 
64 
81 
96 
144 
146 
111 
0
57 
128 
111 
62 
89 
1 148 
156 
64 
51 
50 
173 
156 
144 
1 136 
92 
145 
157 
3 89 
0
144 
53 
53 
2 61 
62 
55 
145 1 
96 
128 
2 50 
67 
87 1 
88 
153 
147 
144 
62 
153 2 
87 
60 
67 
146 3 
54 
106 
2 173 
65 
99 
2 144 
159 1 
147 
1 148 
68 
44 
4 136 
54 4 
173 
57 
2 155 
81 
159 
151 2 
144 
59 1 
156 
140 4 
173 
59 
145 
51 
149 
60 
164 3 
2 157 
144 
155 
77 
59 
47 
140 
164 
62 
144 
144 2 
161 3 
68 
64 
161 
60 
111 
52 
4 152 
54 
145 
144 
5 53 
92 
87 
58 
155 
153 
54 
2 136 
173 
58 
173 
92 
54 
155 
51 
0
106 
164 
148 
151 
145 
157 
65 2 
88 
62 
143 
48 
87 2 
156 
4 100 
54 3 
157 
146 
158 
2 67 
59 
3 68 
2 53 
153 
147 
144 
155 58 
134 
57 
59 
50 
99 
161 
70 4 
144 2 
157 
66 
0
68 
159 
3 56 
156 
173 
159 
55 
0
87 
88 
144 2 
154 
1 144 
1 147 
0
57 9 
161 
52 
162 
2 154 
155 
155 
155 
145 
67 
2 47 
164 
173 5 
48 59 
55 
156 
59 
156 
81 4 
5 66 
87 
54 
54 
156 
58 
1 136 
159 
148 3 
52 
156 
157 
1 47 
152 
149 
3 54 
151 5 
58 3 
155 3 
3 158 
65 
60 
89 
2 173 
0
65 
148 
0
146 
0
152 
59 2 
158 
159 
146 
148 
58 
155 
88 
4 68 
161 
60 
111 
145 4 
173 
46 
159 3 
53 
48 
68 
88 1 
4 50 
144 
3 58 
3 67 
0
3 50 
159 
65 
154 
48 
149 
149 
161 2 
153 1 
3 56 
146 
62 
1 51 
62 
89 
148 
140 
140 
67 
0
149 
45 
54 
2 147 
87 
54 1 
38 9 
77 
140 
51 
134 
57 
54 
161 5 
62 
68 2 
57 
144 
154 
60 
58 92 
68 57 
146 
51 
134 
87 2 
156 
58 
59 2 
54 3 
60 
144 
145 
140 
55 
144 
164 
144 1 
53 
54 
1 157 
157 
38 
0
44 
4 159 
54 3 
58 
51 
48 1 
3 51 
145 2 
99 
1 144 
81 
0
58 
155 
54 
59 
145 3 
144 
144 
164 
147 
50 
47 
3 57 
56 
154 
54 
52 
156 
9 51 
144 
147 
159 
136 
149 
161 3 
54 
161 
59 
161 
59 
161 
92 
58 
153 
144 
106 
144 4 
90 
1 57 
55 
136 
147 
0
57 
48 
164 
153 
154 
2 155 
106 
164 
0
59 
3 128 
58 1 
58 
148 
144 
1 50 
62 
111 
156 
62 
2 147 
1 99 
164 
67 2 
1 59 
0
151 2 
8 155 
89 4 
2 63 
51 
146 
159 
54 4 
54 
153 
54 
111 
136 
148 
3 62 
58 
161 
89 
2 52 
6 52 
54 3 
153 
154 
68 70 
4 57 
155 
143 
2 162 
1 157 
162 1 
153 
158 
59 
45 
51 
100 
60 
50 
65 
0
60 
54 
144 
52 3 
62 
48 
155 
159 
143 
147 
153 
81 
149 
158 
146 
68 
65 
50 
143 
154 
1 58 
55 
51 
0
87 
51 2 
155 
143 
67 
67 
92 
2 97 
92 
89 
52 
144 
54 
50 
92 
55 
8 48 
3 140 
161 
0
4 99 
3 60 
93 
60 
144 
111 
1 144 
161 
47 
3 144 
42 
65 6 
60 
156 
136 
111 
106 
54 
2 48 
2 159 
89 2 
0
152 
152 
173 
100 
106 
161 
154 
58 
151 
148 81 
93 3 
58 
145 4 
56 
100 4 
154 
158 3 
157 
65 
66 
92 
136 
55 
128 
1 155 
68 6 
153 
66 
145 
153 4 
147 
3 56 
152 
162 1 
62 
51 
140 
164 
162 
1 59 
65 
144 
2 152 
50 
68 
147 
89 
152 
146 
93 
153 
144 
90 
159 
68 3 
57 
159 
106 
53 1 
153 
156 
161 
60 
159 
55 2 
154 
59 
144 
4 54 
57 2 
52 
2 147 
145 
0
145 
58 
55 
1 128 
161 8 
161 3 
145 1 
0
58 
134 
3 93 
57 
0
55 3 
8 53 
93 
51 
155 
134 
146 
4 147 
144 
162 4 
62 
111 
0
144 
1 77 
151 
54 
2 152 
54 9 
1 62 
159 4 
143 
100 4 
88 
153 
54 
147 
50 
59 
144 
164 
4 144 
67 
144 
57 
88 2 
136 
162 
151 
164 
1 58 
44 
158 
106 
88 
111 
1 67 
44 
143 
145 
57 
57 
151 4 
159 
90 
153 
56 
2 60 
87 3 
161 
140 
54 
68 
54 1 
54 5 
155 
4 164 
164 
145 
3 147 
81 
153 1 
52 
92 
88 
143 
2 164 
65 
159 
148 
92 
3 153 
144 
149 
164 2 
81 
65 
152 
46 3 
153 
4 54 
144 
55 5 
1 54 
147 96 
156 
164 1 
89 
156 
67 
44 2 
3 154 
148 
151 3 
100 
144 
151 1 
158 
90 
64 
155 1 
68 
59 
54 4 
68 
158 
48 
51 
3 52 
56 
161 1 
161 3 
47 
161 
2 70 
54 
68 
111 
58 
0
47 
89 
58 
134 
56 
60 
81 
3 99 
144 
0
134 
87 
2 58 
0
60 2 
2 92 
164 2 
173 
134 
67 
140 
54 2 
154 
147 
158 
161 3 
0
48 
144 1 
147 
54 
88 
56 
52 
149 
144 1 
147 
60 
3 144 
144 
128 
62 
156 
87 
92 
153 3 
157 
153 
159 
161 4 
161 
155 58 
144 
159 
152 
99 
128 2 
106 
148 
52 
54 57 
53 4 
60 
161 4 
111 
54 
0
59 
147 
148 
144 
67 
159 3 
0
159 
1 144 
66 
59 
1 158 
159 
90 1 
57 
161 54 
161 4 
148 
88 
50 
89 
153 
159 
89 
48 
3 134 
4 149 
146 
140 
173 
156 
159 2 
144 
145 
154 
57 
145 1 
52 
158 
0
144 
81 
148 3 
143 
60 4 
161 1 
162 
89 
3 66 
162 5 
140 
50 
50 
5 51 
53 
157 
2 99 
100 
152 
8 144 
154 
145 
2 106 
93 
155 
60 
87 
62 
62 
111 
134 2 
111 
63 
62 
52 
153 
155 
59 
60 
68 
64 
42 
50 
136 2 
159 
3 159 
152 
152 
2 140 
89 1 
87 
4 149 
96 
152 
63 
52 
144 
57 
148 3 
62 
99 
161 
77 
3 52 
159 
164 
62 
147 4 
0
152 
145 3 
134 
156 
154 
158 
144 
54 
159 
153 4 
144 
144 2 
51 
161 
148 
145 
173 
144 8 
159 
54 
54 
152 
143 
106 
8 50 
89 
148 
149 
57 
162 
159 
90 
55 
1 156 
92 
87 
54 
161 2 
3 147 
51 
152 
60 
87 
87 
3 144 
42 
99 
99 
60 1 
155 
58 
81 
55 
153 
62 
0
3 153 
87 
3 111 
152 
38 1 
57 
96 
87 
153 
62 
88 
93 
61 
144 
0
144 
38 
144 3 
145 4 
60 
144 
162 
161 
159 
0
67 
164 
97 
92 
140 
111 
134 
54 
5 147 
152 
159 4 
63 
92 2 
140 
155 
159 
4 54 
52 
96 
156 
147 
66 
99 
2 143 
154 
54 
54 
56 
44 
1 154 
54 
162 
1 154 
145 
134 3 
152 
88 1 
1 143 
152 
145 
164 
52 
54 
54 
54 
4 47 
161 
89 
0
59 
2 144 
67 
1 111 
46 
155 
159 
153 
0
161 9 
2 152 
45 
66 2 
1 99 
155 
4 57 
92 
0
96 
156 
59 
59 1 
55 
2 54 
92 
155 87 
54 
144 
50 
0
54 
155 
148 
77 
153 
1 158 
106 
1 47 
87 2 
54 
128 5 
81 
58 
111 2 
155 3 
81 
149 
154 
67 
151 2 
158 
154 
52 
164 
2 52 
111 
2 155 
3 153 
145 
54 
153 
0
145 
57 
146 
50 
57 
59 
88 
144 
90 
159 
5 152 
92 
59 
2 100 
161 2 
57 
161 
153 3 
54 1 
144 
3 173 
161 
60 
92 
57 
2 144 
2 158 
100 
154 
77 
134 
54 
57 
1 152 
2 173 
148 3 
146 
2 106 
60 
136 
155 
81 
140 3 
1 158 
143 
46 
145 
1 57 
2 161 
54 2 
59 
1 59 
59 
2 146 
161 
159 
54 
97 
67 
144 
153 
145 4 
145 3 
64 
1 63 
62 
97 1 
111 
144 2 
2 61 
52 
62 2 
134 
157 
149 
2 154 
2 173 
100 
53 
144 
144 
2 144 
2 60 
1 153 
54 
9 65 
57 
67 
4 151 
149 
158 
144 
144 
155 
89 
99 
38 
58 
153 
144 
100 
45 3 
57 
59 
145 
58 
155 
151 
65 4 
0
60 
3 106 
92 
146 
147 
67 1 
0
161 
143 
60 
48 
153 
151 5 
159 
70 
1 51 
44 
59 
152 
161 
156 
48 
67 
155 
59 3 
164 7 
54 
57 
1 149 
57 
151 
54 
51 
2 93 
54 2 
89 
0
89 
87 
161 1 
3 99 
44 
3 60 
62 
2 157 
65 2 
159 
61 
155 
134 
1 173 
1 58 
68 
87 
144 2 
62 
52 2 
62 
153 
52 1 
48 
146 
106 
153 
70 
158 
42 
58 
156 
58 
144 3 
145 2 
1 157 
173 
60 
144 
51 
157 
100 
60 
154 
64 
60 
55 
3 63 
65 
9 147 
134 
149 2 
0
1 89 
1 96 
1 44 
146 
51 
128 
3 65 
64 
155 6 
155 
48 
162 
156 
155 54 
153 1 
87 
7 53 
87 
63 159 
147 
144 
89 
59 
159 
145 
161 
68 
2 159 
156 
155 
2 147 
153 
63 
57 
2 144 
161 4 
164 3 
149 
90 
87 6 
173 
54 3 
44 
6 144 
62 
162 
99 
158 
162 
58 4 
48 
51 
67 
51 2 
89 
67 
70 
156 
65 
89 
67 2 
0
151 
3 140 
65 
87 
60 
99 
58 
164 
57 
55 
145 1 
144 155 
154 
88 
159 
144 
156 2 
1 58 
111 
65 
59 
161 2 
88 
153 
58 5 
153 2 
161 
144 
70 
47 
111 
68 
59 
52 
38 2 
60 
159 
4 87 
128 
8 59 
155 
156 
161 3 
1 147 
161 
3 53 
38 
147 
147 
149 
77 
92 
52 
134 
161 2 
144 
161 
159 
0
144 
144 1 
48 
136 
147 
161 
1 54 
146 
38 
111 
99 
64 
147 
50 
144 50 
50 
54 
136 1 
161 2 
134 
67 3 
0
48 60 
144 2 
48 
161 2 
2 143 
100 1 
155 
46 3 
81 2 
62 
57 
53 
54 
144 
87 
3 54 
145 
50 
134 1 
128 
147 
58 
2 87 
152 
60 
54 5 
92 
140 
68 
81 1 
4 52 
155 
87 
147 
54 
59 
99 
0
96 
50 
96 
144 
143 
164 
2 67 
1 155 
147 
54 
53 
154 2 
50 
3 157 
144 3 
0
53 2 
93 
159 
57 
154 
2 57 
147 
65 1 
1 97 
89 
155 
0
134 2 
143 
111 
68 
62 
145 
0
161 1 
153 
154 
144 
3 146 
106 
60 
52 3 
59 
156 5 
144 
54 2 
159 
59 
48 
44 3 
59 
144 2 
155 65 
42 
153 1 
1 155 
144 
144 
144 56 
62 
62 1 
99 1 
2 57 
3 149 
106 
42 
5 156 
144 93 
144 
93 2 
162 
159 1 
1 158 
0
1 157 
2 154 
54 2 
63 
0
67 
136 
147 
5 77 
145 
2 153 
81 
3 143 
92 
38 
92 
3 173 
162 
93 
92 3 
54 
2 66 
159 
56 
2 99 
145 
0
159 
155 
90 
152 
60 
151 1 
106 
5 59 
53 
155 
128 2 
156 
156 
54 
48 2 
57 
111 
54 
161 
3 66 
54 
136 
144 
136 
65 
57 
140 
58 
60 
136 
99 
54 
155 
3 92 
11 152 
2 161 
153 
4 134 
59 
155 
154 
164 
62 
164 
155 1 
54 
3 149 
99 
1 155 
153 3 
47 
152 
3 50 
0
88 
148 
111 
1 155 
162 4 
155 2 
154 3 
128 
8 158 
60 
2 155 
1 99 
61 
162 3 
99 
153 9 
50 3 
90 
54 2 
52 
156 
157 
68 
154 
147 
152 
159 2 
144 2 
89 
92 
2 153 
152 
152 
62 
77 
106 
153 
68 
111 
58 
164 
145 1 
148 4 
159 
164 9 
60 
147 
62 
5 89 
52 50 
0
51 
50 
58 3 
67 
152 
59 
51 
55 
2 156 
106 
162 
1 47 
155 
158 
54 
153 
1 67 
106 
0
54 
164 
144 
97 3 
47 
162 
3 152 
100 
161 2 
54 
52 4 
60 
54 
59 5 
153 
173 
155 2 
55 
3 52 
1 62 
68 
96 
93 1 
145 
60 
47 
1 61 
58 
68 
161 
162 
111 8 
146 1 
92 
2 136 
68 
3 128 
56 
52 
99 
2 164 
2 161 
51 
99 
59 
161 
61 
99 
100 
68 
51 
2 159 
155 
1 97 
156 2 
1 153 
56 
0
88 
151 
159 
53 
155 99 
146 
2 59 
93 
0
145 
52 
158 
164 1 
0
2 111 
99 
1 144 
140 
153 
52 
92 
155 3 
144 
0
155 
57 
2 159 
0
164 
161 
5 48 
145 2 
54 
144 
155 
81 
156 
2 89 
155 
148 3 
44 
55 
87 
145 
38 
89 
1 111 
145 2 
99 
158 
97 
54 
158 
68 
1 68 
7 96 
89 
59 
48 
58 
144 
67 
66 
151 
144 
4 173 
64 4 
143 
62 2 
90 2 
62 
144 
159 
60 
97 
147 
67 
90 3 
54 
134 
4 92 
134 3 
159 
159 
145 3 
62 
159 
1 147 
57 
5 52 
145 1 
70 
161 
9 155 
65 2 
2 92 
60 
145 
145 
62 
51 
58 
158 
0
3 81 
93 
46 3 
93 
5 54 
151 4 
152 
145 1 
88 
62 
93 3 
157 
54 
3 173 
99 
9 149 
53 4 
77 
57 
158 
1 92 
0
54 
1 57 
155 2 
164 
146 
161 
134 
4 156 
144 
53 
3 143 
1 151 
3 56 
140 
87 
159 
3 136 
56 
57 
152 
146 
50 
156 
44 
111 
159 
3 164 
93 
59 
58 
54 
159 
157 
128 1 
60 1 
57 
59 
87 
54 
54 3 
50 
147 
147 
158 
68 55 
153 
81 
50 
60 1 
147 5 
0
157 
164 
146 
60 
155 
143 
162 
100 
155 
151 
161 4 
48 
156 
149 
148 
48 
145 
156 4 
67 59 
173 
59 4 
151 1 
143 
48 
1 58 
144 
61 
60 
44 
161 
90 
99 
161 11 
59 
93 
144 
57 
152 
77 
77 56 
144 
155 1 
58 
100 1 
68 3 
48 
140 
52 
164 
97 
156 
157 
149 
58 
151 
47 
161 
4 50 
53 
57 
144 
153 62 
3 57 
161 
128 
1 157 
149 
2 140 
67 
164 
2 52 
134 
54 
90 1 
54 144 
147 
54 
54 3 
151 
2 143 
134 
57 
159 
92 
153 1 
59 
53 
99 
153 2 
93 
63 3 
54 153 
57 
152 
5 48 
161 
59 
2 173 
70 
92 
57 
88 
136 
5 173 
2 48 
156 
151 
2 53 
2 155 
151 
153 63 
161 3 
99 1 
140 
58 
155 
88 9 
97 
55 
92 
0
92 
51 
62 
100 
144 
60 
64 
99 
6 146 
62 
153 
9 88 
54 
45 
144 
157 
162 
154 1 
159 
154 
156 3 
64 
161 
59 
3 87 
1 52 
66 
156 
48 3 
50 
0
152 
153 1 
159 58 
54 
60 3 
64 
148 
1 152 
60 4 
136 
60 
155 
53 
54 1 
87 
0
155 
64 
154 
53 
157 
59 
1 51 
145 
67 3 
0
144 
143 
0
144 
134 
55 
54 
53 
11 50 
155 
64 
60 
60 
164 
57 
92 
54 
3 59 
159 92 
54 
38 
145 
155 
54 
3 60 
48 2 
159 
149 
54 
173 
159 
52 
77 
144 
1 159 
57 
155 
128 2 
90 
145 
0
153 
2 66 
92 
65 
2 144 
144 50 
57 
54 
96 
97 2 
52 1 
2 173 
89 2 
87 
162 
59 
2 147 
2 99 
99 
1 155 
0
58 
153 
145 
6 47 
3 56 
48 
44 
161 2 
93 
144 4 
145 
87 
146 147 
0
149 
46 89 
61 
100 
159 
92 
153 2 
1 77 
3 58 
147 
149 
70 
60 
50 
2 54 
148 
145 
2 153 
155 
38 
149 
0
134 4 
77 
3 153 
52 
57 1 
54 1 
146 
55 
155 
87 
62 8 
155 
5 97 
57 
148 2 
48 
161 1 
145 
54 8 
62 
1 70 
60 
60 
144 
173 
64 
89 
65 5 
148 
62 
89 
2 154 
0
58 
60 
161 
136 143 
162 
156 
67 2 
67 
152 
58 2 
136 
65 2 
50 
52 
57 
152 
60 
53 
128 8 
87 
149 
4 158 
155 
59 
62 
97 
100 
155 
1 54 
92 3 
9 147 
161 
149 1 
106 2 
152 
157 
60 
149 
60 
87 
9 146 
65 
149 
155 
54 
54 
42 
151 
3 144 
2 52 
97 
59 
155 
159 153 
90 
48 2 
147 
1 58 
153 
99 
65 
92 3 
99 
147 
45 1 
145 
149 
1 59 
52 2 
164 1 
154 
62 
157 
1 54 
57 
97 
3 59 
60 
161 
156 
58 
90 2 
54 
2 144 
1 54 
143 
57 9 
128 
50 
164 
54 4 
59 
60 4 
147 
159 
154 
54 
93 
144 
67 2 
161 2 
97 
6 62 
92 
161 
58 4 
62 
50 
67 
50 
155 
62 
2 147 
2 60 
52 
3 58 
152 
153 
0
0
89 
81 
99 
156 1 
0
152 
51 
2 154 
0
140 
146 3 
1 173 
54 
151 
149 1 
52 
46 
149 
148 
52 2 
59 
156 
54 
61 
1 158 
59 
162 
55 
146 2 
5 159 
51 
62 
3 144 
63 
50 
59 
140 1 
2 147 
151 
92 
65 
149 8 
89 
90 
156 
156 
55 1 
3 54 
58 
67 
59 3 
54 2 
67 8 
70 
159 
159 
47 
99 
149 
77 
152 
54 
45 
161 93 
0
61 
1 140 
54 
97 
156 
99 
100 
52 
54 
159 
56 
161 1 
147 
148 4 
57 
54 3 
57 
128 
77 
1 59 
97 2 
1 156 
1 144 
51 
144 
57 
62 
157 
1 155 
148 2 
147 
134 
1 48 
62 
156 
57 
44 
54 3 
57 
4 155 
93 
52 2 
54 
50 
60 
45 
149 
0
61 1 
2 144 
164 
46 
152 
147 
62 5 
152 
64 
1 147 
153 4 
58 
46 4 
158 
148 
54 
156 
59 
99 
145 
151 
4 148 
92 
58 
144 
155 
155 
146 
8 52 
3 159 
65 
146 
155 
3 154 
151 
156 
92 9 
66 3 
99 
173 
3 99 
57 2 
57 
136 
157 
58 
2 93 
147 
143 
146 
56 
5 58 
146 
81 
90 
0
4 155 
52 
158 
51 
3 136 
2 48 
173 
156 
3 68 
56 
57 
5 159 
96 
54 89 
99 
92 
55 
54 
0
48 
155 
53 
44 
0
53 
0
58 
147 
106 
153 
3 157 
0
1 51 
153 
48 
144 
148 2 
144 
1 52 
96 
161 
161 1 
153 
2 144 
87 
155 
60 
1 147 
55 
88 2 
0
60 2 
87 
1 99 
52 
54 
2 156 
65 6 
3 152 
52 
145 
156 
7 67 
50 
154 8 
3 51 
46 4 
155 4 
54 1 
158 
3 57 
155 
60 
140 
157 
2 59 
156 4 
63 
65 
136 
67 
0
155 
2 55 
161 
48 2 
153 
148 
88 
4 52 
44 
2 153 
144 
99 
57 
159 
54 
67 
157 
54 
5 93 
111 
155 
148 1 
87 
57 
65 2 
48 
1 111 
155 
143 
88 
70 57 
159 54 
153 
3 93 
144 
155 
59 
54 42 
62 
90 
154 
58 1 
1 51 
57 
155 
59 
173 
155 2 
145 
161 
155 
96 
143 
52 2 
134 4 
161 
147 
59 
58 
134 
154 
0
54 4 
144 
3 143 
100 2 
1 60 
70 
68 
155 1 
140 3 
54 
99 
143 
1 144 
145 3 
48 
59 2 
162 
92 
63 
62 
60 
146 
147 
58 
62 
148 
5 144 
54 9 
2 155 
134 
54 
60 
164 
99 
1 143 
134 
159 1 
161 4 
0
2 59 
153 
51 
89 
56 
92 
89 1 
61 
145 
90 
96 
155 
54 
66 
0
4 45 
65 
156 
97 2 
0
146 
161 2 
89 
52 
89 
0
2 50 
3 70 
162 
4 93 
148 
144 
148 2 
140 
3 59 
4 96 
52 
140 
164 
128 
144 
52 
2 153 
156 
67 
48 2 
3 97 
57 
2 67 
1 56 
60 
2 173 
61 
128 
153 
162 
51 
158 
173 
164 
52 
54 111 
57 
60 
89 
89 2 
173 
153 
54 
63 
5 143 
151 2 
0
4 50 
87 
1 144 
1 149 
1 81 
99 
58 147 
144 
136 2 
65 
68 
2 144 
128 1 
0
60 
54 
54 
62 
145 
48 
2 56 
54 1 
54 
66 
151 3 
55 5 
159 
8 106 
63 
159 
53 
52 3 
155 
0
161 
1 136 
60 
54 3 
53 
92 
149 3 
96 
144 
161 
62 
136 2 
156 
2 58 
89 
54 2 
50 
155 
56 
3 155 
156 
100 
65 
0
59 
54 
60 
140 1 
60 
50 
157 
0
1 173 
47 
152 
0
148 4 
2 57 
8 159 
61 1 
50 
87 
144 
57 
140 
54 
1 96 
60 
145 5 
3 57 
92 
45 
62 
56 
155 
161 2 
158 
145 5 
148 
156 
68 
62 
42 
140 
143 
153 
65 
2 65 
65 
96 
97 
3 158 
50 
155 3 
146 
77 2 
155 
106 
145 
155 
162 
52 
77 1 
62 
157 
59 
52 2 
154 
92 
67 
149 
44 
161 
44 
54 
161 
90 
89 
156 
145 
4 52 
106 
54 
158 
5 158 
140 
93 
162 
145 
144 5 
147 2 
145 1 
2 147 
47 
158 
152 
1 57 
161 
148 
148 
3 149 
155 
134 
155 
161 
67 
54 
51 
62 
161 51 
162 2 
90 
4 60 
62 
157 2 
1 153 
45 
128 
111 
3 56 
1 156 
149 2 
143 
52 
9 144 
154 3 
3 136 
2 158 
54 
0
155 5 
2 46 
147 
55 
56 
1 155 
149 
153 
155 
2 152 
89 
153 
155 
67 1 
46 
164 
156 
66 
99 
67 
47 
161 
149 
144 1 
156 
155 
1 55 
100 
3 155 
161 3 
154 
136 3 
145 
2 144 
5 93 
3 58 
57 
51 
99 
58 
157 
100 
4 144 
3 48 
1 60 
156 
3 66 
70 
1 144 
159 
2 47 
156 
146 
62 
158 
100 2 
155 
90 2 
1 158 
51 
52 
54 
53 
155 
1 51 
154 
52 
93 
58 2 
0
148 59 
62 
4 155 
47 
67 
1 151 
54 
156 
144 
144 
7 154 
54 5 
145 
60 
161 
161 
87 
92 1 
59 
148 
4 89 
54 3 
153 
153 
136 
52 
44 1 
140 3 
147 
161 144 
128 
90 5 
151 
162 
158 1 
2 111 
52 
147 
144 
59 2 
87 
155 
145 
4 68 
81 3 
54 5 
149 
2 155 
58 
44 
60 
151 1 
1 134 
173 
146 
62 
140 
154 
156 
156 
60 
96 
161 1 
64 
106 
38 
54 
0
48 
1 53 
134 
158 
0
153 
162 1 
1 50 
148 1 
87 8 
1 144 
55 
134 
61 
173 
151 
136 
173 
148 
155 
48 
92 
53 
99 
164 
62 60 
51 3 
161 
99 
173 
59 
145 
147 
111 
0
89 
156 
60 
147 
50 
145 
147 
50 
48 
155 
47 
0
144 
55 
62 1 
154 
153 
153 
67 
153 
0
4 88 
145 3 
159 68 
62 11 
93 
164 
151 
51 
106 66 
1 50 
87 
38 
152 
64 
128 
52 54 
0
140 
48 
54 
155 
134 
1 148 
58 
65 57 
162 
2 144 
57 
0
54 
60 
55 
8 159 
157 
89 
161 
156 1 
2 153 
157 
159 
145 
156 
3 157 
54 5 
159 
155 
155 
93 
143 2 
60 
173 
59 
155 1 
144 
2 154 
57 
38 
155 
54 2 
55 
57 1 
156 
155 
3 158 
57 
62 
87 
157 
144 
147 
140 
156 
153 
62 2 
162 9 
159 
128 
155 
50 3 
153 
144 
145 
148 
59 1 
8 54 
157 
148 
0
92 
144 
1 143 
111 
62 
156 
155 
153 
58 
143 
154 
57 2 
100 
156 
173 
60 
164 
54 3 
52 
60 
92 
56 
3 54 
54 
50 
52 2 
153 
152 
54 4 
162 
54 
157 
54 
60 
153 9 
45 
89 
4 157 
47 
151 
173 
62 5 
156 
155 
93 
144 
162 
99 
159 1 
155 1 
2 152 
1 143 
89 
148 
144 
144 
155 
54 
0
162 
140 
57 
146 
155 
2 153 
99 
149 
136 
45 
158 
50 
147 
145 
145 
54 
140 4 
45 
152 
162 
0
3 149 
140 
1 153 
51 8 
156 
97 
56 
145 
59 
1 147 
154 
158 
155 
65 
51 
92 1 
164 3 
1 66 
87 2 
67 
45 
87 
154 
144 
1 63 
2 155 
162 
111 
60 
87 
89 
4 59 
67 
59 
62 
151 1 
92 
4 87 
99 
144 8 
155 
6 89 
136 
64 
59 
140 
55 2 
58 
54 
111 
0
99 
97 
46 
1 92 
145 
62 
48 
44 
155 
70 
0
97 
58 
56 
57 3 
161 
89 3 
1 97 
93 
92 
8 62 
162 1 
155 
89 
0
144 
148 
58 3 
128 
4 58 
144 
2 62 
57 4 
5 144 
134 
60 1 
77 
54 
147 
8 66 
59 
157 
55 
97 54 
54 
143 
147 
77 
53 3 
54 
146 
151 
148 
156 
0
88 
153 6 
161 
156 
67 
159 
134 
144 
2 50 
60 
57 
54 
68 3 
145 
161 
59 2 
89 48 
155 2 
56 
159 
90 
161 2 
59 
2 59 
97 
106 
157 
146 
62 
48 
146 
136 
2 64 
151 1 
0
87 
100 3 
4 111 
155 2 
47 
155 7 
54 1 
87 
59 
66 
53 
93 
99 
155 
88 
52 
93 
157 
156 
60 
58 
64 
59 
63 
159 
1 60 
3 144 
149 
57 
54 
159 
147 
100 2 
136 
144 
3 106 
50 
81 
2 144 
56 2 
140 
106 
68 
144 
52 
54 
159 
157 
50 
7 57 
54 
158 
57 3 
159 
93 
3 159 
144 
64 
64 
87 
156 
51 144 
60 
144 
68 
0
89 
100 
1 106 
149 
156 
173 9 
2 52 
92 
48 
3 92 
54 
93 
77 
57 
0
1 147 
147 
81 
136 
144 
60 
106 2 
58 3 
152 
44 
134 
2 143 
89 
140 
149 
149 
92 
143 
68 
153 
2 147 
54 
60 3 
92 
99 
111 
152 
99 
4 154 
66 
145 2 
54 5 
158 
152 
0
164 
162 
57 2 
54 1 
161 1 
173 
164 
64 
144 3 
48 
0
89 
58 
155 128 
54 
162 
1 155 
61 154 
60 
145 
158 
57 
54 
156 
1 77 
159 
2 65 
4 144 
1 155 
62 3 
149 
92 2 
1 158 
128 
1 155 
152 
1 155 
152 
111 
147 
145 
158 
5 158 
146 
162 6 
2 56 
77 
55 
2 149 
145 
99 
1 147 
57 
162 
90 
159 
128 
145 3 
54 
70 
50 
92 
140 
59 
152 
156 
59 
154 
59 
146 
0
57 2 
159 
55 
128 
60 
3 68 
173 
1 140 
3 92 
134 
144 
164 
154 
128 
149 
1 93 
1 63 
140 
149 
60 
68 
144 6 
147 
96 
0
87 
60 
0
162 
147 
88 1 
3 59 
62 2 
44 
0
1 155 
159 
149 
147 
62 
44 9 
77 
151 
62 
2 66 
155 
96 
143 
90 
155 
55 
54 
157 
159 
161 2 
65 
145 
52 1 
173 
2 159 
159 
58 
96 
0
100 
134 
2 173 
155 
67 
147 
5 144 
144 
62 1 
4 159 
145 1 
144 
99 
1 54 
4 96 
1 60 
59 
55 
62 
58 
0
155 
147 
152 
5 57 
164 
159 
4 59 
158 
1 152 
161 
173 
51 
4 173 
55 
52 
51 
81 
144 
2 58 
59 
1 92 
158 
157 
146 
157 
152 
161 
50 
158 
2 97 
89 
161 2 
2 159 
145 
100 
128 2 
56 
157 1 
53 
60 
93 
144 
54 
62 
44 
54 
62 
3 50 
93 
1 96 
1 148 
155 
173 
164 1 
145 
54 
57 
54 
56 
155 4 
60 
54 
60 
70 
42 
67 
65 
62 
144 
134 
8 158 
149 
3 111 
2 50 
54 2 
51 
0
143 
96 
0
53 
158 3 
136 
90 3 
1 147 
3 147 
143 
1 144 
54 2 
1 149 
60 
144 
148 
0
54 1 
161 
54 2 
97 
59 
3 143 
144 50 
2 62 
0
106 
57 
159 
156 
58 
54 
3 152 
64 
56 
5 144 
0
154 
157 5 
2 96 
152 
58 2 
140 
54 
50 
2 144 
144 
52 
0
2 51 
158 
155 
155 
52 
38 157 
173 
145 1 
87 
154 
3 153 
70 
146 
149 4 
3 158 
62 
144 
60 2 
128 
38 
70 
151 147 
5 156 
106 2 
145 
54 
56 
59 
54 
96 
140 
2 96 
144 
2 70 
144 
147 
144 
54 
38 5 
164 
173 
143 
159 
48 
144 
56 
54 
92 63 
144 
155 9 
50 
2 154 
155 3 
173 
54 
0
77 
2 44 
0
50 
146 
64 
87 
62 4 
3 51 
52 
155 
151 
3 153 
136 
4 63 
67 
58 
173 
147 
68 
144 
0
140 
111 
158 
149 
147 
92 
67 
161 
48 
56 
155 
51 
62 
48 
136 
63 
58 
42 
1 144 
99 2 
2 143 
58 
145 
136 
1 58 
153 
3 77 
52 2 
136 
3 92 
173 
2 144 
162 
159 6 
3 52 
155 
61 
144 3 
156 
143 
111 
155 
0
1 156 
89 
153 3 
147 
0
148 
42 
152 
62 
164 
97 1 
50 
0
52 
2 51 
4 153 
148 
153 5 
97 
144 
146 
62 
155 2 
59 
44 2 
153 
2 144 
2 144 
1 157 
54 
45 
173 
2 99 
153 
1 140 
63 
145 
1 154 
162 
140 
146 
38 
1 155 
0
60 2 
90 
147 
99 2 
134 
97 
149 
1 96 
134 1 
111 
159 
144 
147 
0
60 
65 
140 3 
89 
54 
55 1 
55 50 
54 
2 111 
111 2 
3 51 
161 
159 
2 144 
92 
51 
55 1 
92 
99 
100 
151 2 
144 2 
52 2 
144 
144 2 
149 
63 
2 156 
140 
55 
67 
128 
152 
60 
56 
0
144 
143 
54 3 
156 
66 
99 
58 
2 111 
106 5 
100 
159 
99 
144 
156 
61 
68 
173 
0
52 
0
144 
0
0
54 
66 
51 
1 68 
148 4 
81 
149 
54 
153 
153 
88 2 
155 
155 
4 54 
158 
57 
111 
92 
5 153 
0
62 
44 
54 
45 
0
151 
106 47 
145 
1 149 
65 
136 
147 
62 
96 
140 
64 
106 
4 157 
9 87 
90 9 
58 
143 
81 
57 
67 
59 
151 1 
3 58 
44 
153 
144 
161 3 
155 
48 1 
155 
88 
1 111 
57 
147 
151 
54 4 
157 
60 
143 
5 70 
57 
155 
162 1 
81 
145 
90 
90 
92 
1 147 
153 
164 
45 
149 
64 
147 
57 
59 
134 
0
145 1 
57 
140 1 
59 106 
143 
156 
140 
173 
147 
156 1 
3 58 
144 
59 1 
0
46 1 
159 
47 
59 3 
57 
1 48 
156 
159 3 
2 159 
93 
64 
1 60 
2 159 
48 
134 
136 
54 1 
161 
158 
152 
156 
45 
0
58 
161 
2 57 
149 1 
162 
54 
134 
3 156 
99 
46 
161 
2 54 
63 
77 
62 
77 
60 
0
152 
161 
1 155 
0
134 
2 54 
50 
9 92 
154 
1 153 
136 
153 
144 
0
155 
1 59 
155 
164 
65 
99 
52 3 
147 
0
151 
3 153 
144 2 
134 
164 
89 
145 2 
3 153 
161 
164 
161 1 
52 
99 
89 
1 153 
56 
81 
159 
159 2 
55 
145 
56 
145 
44 1 
57 
157 
0
3 128 
162 1 
156 
145 5 
144 
151 2 
136 
155 
149 
156 1 
153 
58 
93 
145 
159 
48 
151 
99 3 
99 
99 
145 3 
100 
48 
60 
3 57 
145 2 
154 
152 
3 99 
156 
157 
60 
145 
1 51 
96 
155 
46 
58 
54 
56 
2 77 
145 2 
48 
1 147 
38 
140 
2 57 
54 1 
155 4 
156 
50 
50 
65 
151 
2 89 
143 
145 
0
156 
54 
58 
154 
153 
159 
147 
54 1 
156 
58 
2 63 
92 
48 
38 
60 
2 62 
1 96 
154 
59 
153 
4 155 
140 
106 
90 
128 
1 111 
157 
145 
151 
90 
155 
3 155 
0
155 
62 
152 
92 
106 
6 50 
2 159 
48 
128 
2 52 
90 
147 
162 
158 
1 56 
46 
156 1 
54 11 
97 3 
154 
58 
55 
53 
54 
93 
155 
54 2 
100 
155 
87 
156 
146 
157 
1 54 
54 
87 
157 
44 2 
4 93 
100 
59 
52 
173 1 
64 
140 
59 
147 
162 
70 
162 5 
1 92 
0
144 
173 
161 
50 
144 
162 2 
4 54 
111 
154 
50 
156 
68 
42 
156 
62 1 
144 5 
145 
155 
3 87 
147 
155 
67 
151 
54 
100 
54 2 
156 3 
46 
50 
173 
59 
153 
155 
68 
63 
128 
77 93 
62 4 
64 1 
2 155 
70 
156 
50 
54 3 
153 
153 
159 
159 1 
52 
147 
143 
3 158 
148 
155 
56 
128 
60 
156 
88 159 
96 
50 2 
145 
58 3 
99 
161 
148 
60 
155 
1 64 
67 
149 
144 
155 
55 2 
77 
77 
134 
59 
4 77 
144 
148 
9 59 
52 
52 
156 1 
55 8 
1 155 
144 
60 
89 
54 
2 155 
90 
97 
3 87 
1 89 
145 1 
143 
67 
1 155 
173 2 
3 96 
136 
156 
3 60 
156 
62 
56 
145 
60 
1 146 
155 
58 
53 
89 
144 
1 54 
3 62 
60 
77 5 
151 
89 2 
1 100 
3 128 
57 
144 
153 
38 8 
59 
140 
0
93 
164 
52 
0
65 
1 92 
57 2 
59 
1 155 
161 3 
90 
3 50 
54 1 
60 
88 54 
59 
66 
58 4 
151 
62 153 
1 54 
96 
53 
164 
159 
147 
67 
68 2 
128 
173 
155 
60 4 
99 
66 3 
46 1 
159 
99 7 
161 1 
161 
59 3 
87 
164 
152 
54 
153 
162 
63 
52 
92 
52 
89 
157 
60 
154 
62 
156 5 
158 
58 
0
81 
145 
144 
144 
153 
147 
149 
153 2 
128 
65 
1 156 
159 2 
136 
60 
68 
173 
58 
2 51 
145 
151 1 
56 
65 
159 
77 
144 1 
89 
140 3 
4 68 
68 
2 62 
157 
145 
54 
147 
99 
50 
59 
2 136 
62 
153 1 
161 
155 
144 
140 
89 
144 
153 4 
143 
2 159 
144 
147 
70 
99 
89 
57 
68 
2 58 
147 
97 
0
152 
152 
128 
128 
97 
153 2 
161 
144 
151 3 
99 
60 
148 
2 97 
57 
46 
51 2 
145 
151 
154 
161 
50 
0
156 
158 
144 
99 3 
0
2 50 
157 
151 1 
164 
53 
145 1 
0
4 157 
3 48 
151 
136 1 
50 
54 
1 156 
0
1 156 
164 1 
57 
146 4 
144 
46 
159 4 
157 
147 
155 
53 
57 
155 
100 
161 
162 
149 
54 
161 
55 
87 
144 
5 134 
57 
145 4 
161 
59 
60 
62 1 
3 147 
159 
55 
153 
70 
88 
159 2 
61 2 
161 
87 3 
147 
1 42 
2 89 
59 
158 
159 
38 
57 3 
153 
159 
2 51 
144 2 
54 
153 2 
62 
99 
147 
2 134 
58 
4 106 
159 
68 
61 
153 
65 
155 
2 65 
162 
140 
89 
45 
1 53 
0
3 57 
158 
50 
99 
153 
161 
56 
61 
52 
1 58 
65 
2 70 
151 
0
145 1 
2 99 
1 48 
128 
151 
57 
44 1 
1 154 
4 99 
89 
144 
67 
3 96 
161 
66 
0
164 
87 
134 
144 
62 
2 159 
54 
3 143 
146 
111 
156 
149 2 
161 
87 
134 
146 4 
77 
4 155 
68 
0
57 
152 
156 
67 
151 
146 2 
57 
161 
153 1 
3 157 
100 
161 
48 
100 
147 
47 
55 
151 
128 
140 
93 
55 
145 
65 
152 
2 156 
97 
144 
3 144 
161 2 
59 1 
1 52 
50 
151 
0
161 
146 8 
111 
155 
97 
2 59 
48 
156 
173 
60 
57 
136 
152 
66 
157 
3 154 
1 58 
144 
59 154 
155 
67 
4 50 
146 
56 
54 
145 
44 
128 
156 1 
148 
100 2 
161 8 
92 
161 
54 
2 57 
55 
97 
54 
48 
2 143 
52 5 
52 
54 
158 
147 
2 62 
60 
93 
161 
1 92 
161 
55 
0
144 
52 
161 
2 89 
48 
62 
155 
68 
173 
65 5 
159 
162 2 
100 
128 
58 
164 
42 
140 
2 50 
144 
134 
156 
54 2 
140 
58 
154 
144 
87 2 
162 7 
157 
149 
143 
88 
57 
128 
145 2 
145 
60 2 
60 
60 
59 
4 87 
62 
3 53 
57 4 
51 
161 
2 136 
88 1 
9 144 
46 
156 2 
0
2 144 
156 
161 1 
0
0
67 
153 
48 
162 8 
159 
153 
4 87 
156 
0
144 
156 
155 
59 
54 
134 2 
57 
157 
92 
52 59 
60 
88 
2 42 
159 1 
88 
67 
159 
8 144 
161 4 
143 
0
44 
1 164 
2 60 
1 54 
157 
63 
51 
92 
158 
145 
153 
147 
53 
147 
143 
2 89 
156 
151 
1 56 
149 
145 
162 
2 157 
100 
2 64 
164 1 
3 149 
153 
2 153 
3 47 
147 
59 2 
144 1 
2 44 
2 96 
50 
2 159 
153 4 
153 
90 5 
0
1 147 
48 
149 
106 
106 
62 
153 
5 59 
145 
147 
134 
3 59 
144 
96 
134 
38 
97 
154 2 
81 
1 48 
54 
155 
136 
68 
158 
60 3 
140 
54 2 
156 
62 
60 
2 87 
161 
153 
54 
58 
87 3 
151 
54 
68 
134 
3 159 
111 
156 
77 
146 
100 6 
9 89 
144 
140 
57 
2 136 
87 
54 
145 
45 
134 
59 
144 
152 
65 
2 52 
66 
144 
63 
164 
145 3 
90 
2 97 
144 
47 
54 
2 144 
144 1 
2 60 
158 
144 
173 
157 
93 
156 
87 
145 
2 54 
1 68 
58 
1 144 
153 
61 
162 
64 
144 
66 
81 
161 
67 
128 
144 1 
145 60 
63 
128 
144 
46 
147 
145 
1 156 
5 173 
155 
52 
155 57 
0
155 
68 1 
148 
99 
47 
153 
87 
1 47 
134 
2 59 
148 
60 
111 
4 128 
152 
3 77 
144 
136 
92 
54 
144 
77 
65 
1 155 
145 
65 2 
70 
155 
148 
147 
88 4 
68 
57 
52 
147 
143 
155 
57 
97 
61 
147 
153 
149 
3 157 
143 
151 
54 
155 
62 1 
65 
57 
57 
57 
145 
151 
144 
54 
2 48 
155 3 
153 1 
59 
54 
145 
155 
67 2 
2 51 
88 1 
1 70 
161 1 
52 
162 
3 51 
153 
144 
146 
152 
144 
156 
52 
58 
67 
157 
161 3 
159 
128 
164 
111 1 
59 
52 
99 
60 
161 
149 
88 
161 
144 
48 
77 
2 159 
134 
2 61 
152 
44 
99 
162 
4 60 
0
52 
1 152 
144 
99 
2 54 
42 
89 
173 
2 42 
2 106 
144 
144 
161 
128 
155 
93 
54 
2 153 
51 
4 100 
159 2 
92 
159 
54 
52 147 
56 
159 2 
51 
54 
145 
58 
128 
48 2 
3 63 
3 149 
54 
55 2 
99 
89 
134 
144 
1 62 
156 
5 62 
1 77 
159 
67 
143 
134 3 
89 2 
156 
0
1 147 
155 
87 
153 4 
147 
42 
162 
158 
159 
67 
162 
134 
155 
159 
1 50 
60 
58 106 
4 136 
145 
161 
140 
59 
2 162 
134 3 
3 50 
151 
56 
140 
157 1 
87 
0
3 42 
93 
155 
2 152 
5 152 
134 
161 
59 
3 157 
148 
44 
153 
144 4 
87 
134 
155 
152 
2 54 
155 3 
48 
51 3 
159 
47 
128 8 
140 
67 
162 
54 
1 153 
149 
2 56 
46 1 
59 
173 
161 
54 1 
57 
159 3 
111 
46 1 
158 
161 
1 50 
155 
1 53 
162 
90 1 
97 
153 
159 
92 
2 100 
144 
58 
59 
148 
58 
53 
161 
157 
159 
99 
99 
128 
2 147 
2 54 
62 
3 147 
52 
162 
3 156 
59 
147 
88 3 
54 
0
58 
67 
4 59 
59 
59 
144 
173 
100 3 
149 
146 
81 
87 
2 60 
140 2 
96 
3 99 
144 
156 
148 
2 67 
145 2 
146 2 
59 
144 
52 
106 4 
2 42 
164 2 
140 
3 70 
144 
162 
158 
68 
1 144 
89 
153 
0
70 
48 
90 
145 
89 2 
62 
144 
154 
3 159 
162 2 
111 
2 128 
92 
153 2 
161 62 
153 
155 
99 
44 
2 54 
68 
145 1 
1 60 
4 157 
148 
52 
3 50 
92 
90 153 
68 52 
51 
156 
2 159 
5 157 
143 
159 4 
151 
64 
53 
1 54 
53 4 
46 
42 
136 
147 
53 
1 62 
143 
144 3 
111 
154 
158 
59 
156 
77 
54 
161 
1 67 
145 
62 
87 
38 
60 
1 58 
156 
44 
161 3 
38 
89 
8 63 
154 
147 
155 
96 
140 1 
67 
70 
97 
64 
52 3 
143 
2 89 
144 2 
162 
140 
154 
144 2 
161 2 
151 
140 
57 2 
146 
155 
148 
57 
144 
90 1 
53 
92 
149 
155 
56 
47 
144 
0
77 
54 
90 2 
54 
164 
53 
155 
152 
144 
153 
153 8 
61 
67 
156 
151 
134 1 
50 
128 
158 
146 1 
145 1 
62 2 
58 
144 
51 
144 
144 
153 
88 
57 
128 
147 
0
59 
2 161 
54 
148 
151 
153 
45 
8 57 
68 
4 156 
156 1 
0
111 
148 
57 
111 
68 5 
54 
134 
54 4 
144 
54 
156 1 
143 3 
55 
93 
56 
64 
38 
145 
0
66 152 
59 4 
0
57 
92 
96 
134 
106 
153 2 
151 
161 
146 
68 
55 
54 
157 
111 
52 
136 
54 9 
57 
62 8 
144 
2 61 
60 
111 
134 
38 
1 54 
147 
45 
153 1 
97 
58 
62 1 
56 
38 1 
99 
161 
54 
3 92 
159 
154 
146 
57 
161 
140 
145 
97 
3 128 
99 
99 
154 
144 
111 
54 
67 1 
68 3 
59 
159 
158 
143 
156 
54 
3 58 
152 
88 1 
50 
61 
89 
77 
64 
54 
0
155 
157 
147 
164 
2 173 
57 
145 2 
144 
1 157 
162 
173 
52 
144 
87 
60 
51 
147 
89 
54 
134 
136 
145 4 
3 159 
153 
64 
1 147 
99 
51 
151 
50 
60 
0
62 
159 
88 
60 
64 5 
147 
161 1 
54 1 
58 
173 
158 
52 
106 
1 60 
136 
162 1 
60 
65 144 
2 143 
55 
143 
54 
159 3 
136 
156 
67 
155 
92 
1 51 
158 
159 156 
173 
45 
81 2 
173 
0
128 
0
155 
54 
173 
156 
128 
144 
87 2 
161 
155 66 
52 2 
161 1 
158 
143 
158 
88 
54 
144 
97 
0
58 3 
50 
92 3 
97 
144 
159 
106 
48 
153 
146 
156 1 
161 3 
57 
151 
155 
147 
145 5 
1 149 
48 
154 
152 
164 
89 
173 2 
1 153 
159 
153 
65 
146 
173 
54 
1 161 
1 60 
0
147 
2 159 
145 
152 
161 
147 2 
68 
159 
0
140 
147 
134 
52 
50 
66 
54 5 
87 
148 
162 1 
147 
89 
1 155 
162 
4 153 
145 
1 147 
144 3 
2 92 
134 
159 
65 
66 
149 3 
57 
56 
2 148 
1 68 
164 
56 
159 
162 
157 
140 
92 
68 1 
70 
148 
164 
1 64 
50 
155 
68 
155 
155 
55 8 
159 
3 58 
92 
157 
149 
4 106 
145 4 
4 63 
62 
65 
60 
60 4 
57 
144 
81 3 
173 
0
58 
8 99 
128 
153 1 
161 
140 
54 
59 
136 
89 
2 157 
128 
159 
77 
2 156 
54 
99 2 
106 
148 
51 
161 
164 3 
1 159 
58 
68 
140 1 
147 
149 
54 
53 
173 
58 
161 
9 57 
143 
0
67 
155 
99 
88 5 
156 
173 
60 
46 
144 
0
155 
57 52 
156 
151 
42 
2 157 
128 
148 
134 4 
164 
157 
147 
144 
0
159 2 
1 99 
145 
2 144 
81 1 
146 
97 
50 1 
144 
145 
159 
145 2 
66 
153 2 
54 
0
4 57 
154 
45 
50 
155 
77 1 
6 156 
155 
159 
81 
3 87 
162 
7 155 
55 3 
161 
99 1 
57 
42 
60 
1 143 
70 
58 
144 
145 
145 
2 144 
151 11 
164 
81 
68 
2 100 
161 
144 
153 
50 
4 147 
44 
0
57 
147 
145 
63 
153 
52 
99 
0
50 
90 155 
0
92 
140 
54 
65 
61 2 
158 
56 
157 
57 
99 
159 
161 
54 
0
143 
146 
134 
56 
62 
154 
92 3 
92 
151 
4 157 
2 50 
54 
164 
44 
93 
48 
147 
1 51 
144 
147 
77 
148 
2 155 
92 
1 153 
48 2 
134 
173 
153 
162 
1 155 
45 
50 
60 
144 
164 1 
144 
3 54 
51 
50 
145 1 
50 
155 
161 
44 
6 155 
156 
88 
159 
1 128 
161 62 
154 
54 
54 
1 111 
99 
156 
68 8 
56 
58 1 
59 
1 155 
145 
54 
159 144 
93 
158 
1 59 
3 87 
146 
87 
60 
61 
57 
81 
147 
62 
90 
151 
147 
81 1 
50 
173 
62 
164 
54 
161 
156 
62 
144 
44 
145 
57 
0
68 
67 
100 1 
143 
62 
1 147 
92 
4 159 
99 
153 
159 
99 
148 
89 
3 111 
2 52 
158 
66 
58 
57 
157 
153 
148 
154 
96 
61 
50 
147 
1 159 
68 
134 
144 
153 
149 
144 
159 
161 2 
149 
53 1 
51 
145 
92 
59 
3 136 
65 1 
88 
58 
63 
148 3 
99 
152 
143 
2 173 
92 
2 158 
54 54 
162 
2 128 
147 
56 
156 
153 
54 9 
148 
62 
0
152 
63 
2 152 
57 
153 3 
144 
92 
158 
5 156 
148 5 
140 
62 
161 
156 
1 155 
81 4 
60 
3 156 
4 63 
3 57 
87 
96 
52 
1 100 
161 
0
100 
59 2 
0
59 
154 
67 
2 51 
62 
144 
8 57 
153 
3 154 
153 3 
156 
50 
100 
60 
156 
57 
148 
155 
54 
60 
146 
162 
0
2 144 
60 
54 
159 3 
3 100 
156 
0
57 
59 
57 
99 
45 
157 
156 2 
54 
164 
60 
162 
0
89 
4 53 
54 1 
145 
3 144 
54 
155 
0
100 
100 
151 2 
48 
159 
144 
54 
161 3 
50 
159 1 
3 155 
54 
3 56 
59 
158 
2 148 
45 
148 
1 60 
54 1 
4 153 
1 64 
57 89 
62 
54 3 
143 
156 
70 
54 
153 
60 1 
48 58 
134 
144 
6 38 
2 50 
151 
149 
153 
159 
136 
146 
157 
58 
1 144 
1 155 
99 
157 
62 
90 1 
2 58 
68 
145 
51 
68 
156 
0
144 2 
156 1 
1 47 
151 
162 
92 
2 144 
147 
50 1 
54 
156 2 
92 
162 
4 54 
151 
106 
57 
156 
153 
1 136 
60 
158 
81 5 
161 
147 
146 
156 
151 
0
48 
55 
2 81 
54 
159 
77 
88 2 
0
89 
60 3 
134 
93 
140 
70 
156 
58 
155 5 
4 52 
134 
48 
54 
157 
2 136 
155 
4 156 
151 
162 
134 
1 51 
2 144 
144 
99 1 
0
65 
51 
52 1 
54 
54 
1 59 
144 1 
3 54 
57 
65 
157 
147 
68 
148 
145 
2 152 
56 
100 
55 
128 
62 
44 
3 111 
155 
6 157 
4 149 
140 
96 
134 
156 2 
147 
157 
1 65 
2 153 
145 
65 4 
90 
153 
99 
161 
66 
106 4 
54 
161 
162 
164 
2 93 
1 152 
54 
156 
68 
145 3 
4 152 
153 
145 
155 
92 
149 
68 
147 
144 
158 
77 
48 
0
154 
89 
157 
146 
50 
106 
97 1 
156 
92 
156 
89 2 
99 4 
155 
0
68 
50 
1 52 
50 
54 
0
2 97 
60 
161 2 
157 
42 
5 144 
145 
63 
77 
2 52 
92 
149 
144 
58 
144 
156 2 
151 
47 
68 3 
44 
58 
57 
136 4 
3 87 
55 2 
164 
155 
54 
106 
4 144 
87 
54 
143 1 
164 3 
48 
1 158 
89 
164 
59 
56 59 
47 
48 
54 
4 111 
156 2 
44 
106 2 
68 
158 
62 
153 2 
3 152 
173 
144 
59 
65 154 
57 
158 
61 
111 
134 
144 
154 
0
57 
0
100 
149 2 
48 
3 144 
155 8 
59 
62 1 
154 
0
144 
97 
77 
54 
59 
149 
147 
2 54 
154 
156 
97 
6 67 
162 
161 2 
59 
106 
92 
5 87 
87 
93 
1 143 
59 
54 
106 2 
1 77 
161 
134 
54 
164 
58 
0
92 
65 
0
38 
173 
52 
1 47 
54 
65 
100 
90 
51 
147 
58 
64 
155 
134 1 
155 
68 
147 
53 
2 154 
173 
92 
153 
143 
173 
1 140 
54 1 
161 
106 
161 
54 
2 144 
56 
3 53 
58 5 
1 144 
53 
158 
62 
164 57 
92 
65 
2 60 
158 
59 
60 
148 
54 
158 
157 
45 
53 
48 56 
54 
59 
156 
145 
44 
99 
155 
136 
145 2 
136 
58 
2 147 
159 
1 173 
54 
159 
96 
0
3 143 
155 
54 
162 
143 
54 
4 50 
54 
0
147 
60 
159 
96 
1 158 
2 57 
60 
50 
54 3 
155 
92 
55 
65 
1 58 
1 147 
87 
99 2 
155 
143 
54 
1 159 
173 
159 
3 56 
54 
161 
44 
57 1 
0
3 58 
152 
146 
3 136 
59 
143 
145 
44 4 
54 
59 
4 54 
54 
159 
2 44 
162 
3 147 
54 
88 
153 
67 
3 153 
70 
97 
68 
147 
161 1 
2 50 
151 
164 
153 
89 
53 
48 
59 
0
111 
144 
50 
136 
0
144 
89 1 
99 
143 
2 159 
52 
68 
87 
144 6 
54 
173 
145 
144 5 
90 
145 2 
144 
56 
54 
81 
155 
54 
1 157 
54 
62 4 
1 154 
77 3 
144 
3 128 
147 
55 
143 
62 
164 
5 47 
155 
149 
97 
60 
155 
143 
140 
156 
161 
67 
42 
54 
155 
3 45 
54 2 
51 
162 5 
146 
152 
156 
155 2 
90 
0
0
90 
154 
156 
156 1 
147 
158 
54 
157 
144 
1 158 
3 48 
153 
54 
159 
136 
161 
87 
0
0
155 3 
81 
53 11 
58 
161 1 
61 
156 
2 88 
62 
58 
155 1 
152 
44 
54 
158 
128 
149 
173 
151 
45 
2 87 
146 
58 
54 
46 
54 3 
1 100 
48 2 
162 
99 2 
157 
1 155 
152 
157 
2 134 
66 
173 
147 
159 
106 
144 1 
61 2 
87 
162 
164 
154 
143 
106 
0
66 
156 
6 140 
51 
2 162 
77 1 
158 
161 
155 
99 
161 
55 
9 147 
173 
136 4 
52 
81 
59 
144 
153 
144 4 
54 
148 
56 
3 52 
58 
87 
144 
0
145 
65 
3 152 
173 
53 2 
0
51 
90 
58 
92 
48 
173 
144 
111 
144 
152 
154 
53 
88 67 
156 
55 
161 1 
54 
2 143 
100 
146 
62 
0
145 
162 
136 
136 
63 
140 
50 
3 70 
54 
161 
57 
62 5 
2 53 
154 
54 
88 
87 
1 89 
44 
61 
136 
99 56 
89 
162 
106 
156 
68 2 
136 7 
156 1 
92 
68 
147 1 
99 2 
148 
136 
92 
162 2 
54 
81 
144 
148 
156 
153 
59 
5 156 
48 3 
4 156 
99 1 
99 
58 
148 
2 111 
128 
156 
155 
5 62 
144 4 
70 
155 
59 
153 
155 2 
87 
60 
0
97 157 
151 3 
144 
2 153 
59 
65 2 
134 
54 
56 
92 1 
143 
68 
59 
59 
155 
59 
144 
60 
0
54 1 
144 2 
81 
62 
54 
57 
153 
58 
161 4 
159 1 
54 
155 5 
58 
45 
1 50 
63 
154 
1 155 
61 3 
147 
2 51 
1 92 
2 92 
3 59 
158 2 
45 1 
158 3 
161 
57 
153 
158 3 
77 
1 62 
145 
162 
0
62 
54 5 
161 
164 
60 
4 173 
59 
1 53 
158 
68 
46 
3 61 
1 152 
99 
3 144 
1 99 
2 100 
51 
155 
100 1 
57 
162 
144 
59 
62 
145 1 
152 
156 
67 
50 
136 
54 
58 
3 60 
44 3 
54 3 
144 
149 
4 164 
59 
155 
154 
60 
92 
161 
56 
128 
153 
87 
66 51 
140 1 
149 
54 
155 
155 
159 
158 
57 
162 
153 4 
96 
2 56 
2 148 
55 
88 
155 4 
161 
92 
38 
59 42 
60 
153 
155 
54 
2 62 
60 
54 4 
1 143 
161 
162 
62 3 
161 
60 
77 1 
159 
63 
99 
60 
45 
62 
0
161 
57 
61 
173 
151 1 
1 96 
151 
54 
161 
0
2 143 
111 
100 4 
156 
53 
156 
2 173 
59 
58 
155 
153 
147 
54 
68 
158 
153 
88 
155 
153 
59 
42 
64 
52 
87 
2 111 
67 
53 
99 
2 57 
153 
1 153 
68 1 
60 
81 
161 
159 2 
157 
47 
106 1 
2 143 
81 3 
51 
2 48 
156 
62 
161 
2 140 
60 
4 58 
89 
173 
2 99 
147 
2 67 
62 
146 
153 
144 
2 147 
161 1 
140 
60 
54 7 
77 
159 
149 2 
56 
173 
54 
106 4 
148 
57 
87 2 
145 
50 
155 
173 
65 
4 147 
3 53 
60 
67 
51 
136 
65 66 
51 
145 
145 3 
3 154 
4 147 
59 
57 
52 
147 
164 3 
145 
158 
61 
153 
151 1 
93 
54 
156 
147 
128 
144 
99 
144 
155 54 
147 
58 
144 
96 
145 
1 134 
162 
90 3 
155 
2 62 
147 
50 
144 
106 
60 
146 
153 
50 1 
144 
159 
144 
60 
173 
52 
5 60 
148 
88 
155 
44 
3 67 
159 
151 
159 2 
66 
2 155 
155 
106 
56 
99 
3 67 
2 50 
149 1 
147 
58 
144 5 
144 
152 
3 56 
161 9 
59 
65 
2 136 
1 59 
155 
155 1 
87 2 
57 
60 
53 
59 
145 
156 8 
145 
2 50 
155 
97 
161 2 
60 
54 
162 
145 
161 
3 136 
50 
144 
158 
155 
54 2 
146 
89 
58 
92 
106 
3 96 
0
57 
50 
154 
134 70 
2 143 
54 1 
140 
146 
87 
1 144 
147 
61 
88 4 
152 
58 
154 
50 
44 
60 
148 3 
3 144 
143 
2 51 
140 
136 
89 4 
153 
157 
93 
54 
151 
54 
92 
97 4 
65 
144 
136 
96 
155 1 
99 2 
54 
148 
3 62 
3 77 
2 89 
164 
148 3 
2 106 
4 64 
5 56 
153 
161 3 
92 
1 62 
154 
60 2 
134 
93 
59 
4 100 
68 
145 
147 
149 
161 
64 
3 152 
52 
44 
52 
156 
57 
111 
1 97 
147 
90 
3 51 
144 
5 61 
4 96 
151 
144 
149 7 
57 
156 4 
156 
1 53 
54 
161 
68 2 
96 
60 
136 
0
161 
0
155 
173 1 
144 
140 
90 
50 
144 
0
148 
159 
151 
1 56 
5 155 
159 164 
146 
155 
70 
48 
155 1 
44 
144 3 
151 
54 
2 70 
2 52 
145 
145 
62 
44 
93 
92 
164 
58 
1 153 
64 
100 
61 
162 1 
157 2 
5 58 
58 
54 
57 
68 
159 
58 
68 1 
2 70 
54 
6 89 
153 
99 
161 
58 
111 
157 
155 
54 
156 
145 9 
147 
60 
173 
144 
149 
57 
159 
1 156 
89 
42 
59 
93 
140 
162 
144 
162 
0
155 
144 70 
53 2 
54 
59 
156 
0
92 
60 
0
157 
2 52 
144 57 
162 
4 81 
59 
56 
46 99 
144 
97 
52 
1 62 
159 
161 
56 
65 
50 
3 57 
96 
173 
156 
52 
58 
153 
87 
146 
148 
164 
99 
144 
68 1 
54 
111 
58 
92 
162 3 
63 
60 4 
58 
89 
44 
143 
153 
144 
149 2 
147 
54 4 
1 148 
155 
146 2 
54 
156 
1 144 
140 
161 
147 
155 
59 2 
0
151 2 
159 
161 
68 
0
144 
59 
0
62 
54 4 
147 
155 
67 
155 
155 4 
156 
50 
144 
161 
3 153 
128 
58 
145 2 
59 
155 
3 81 
54 
144 
58 
136 
57 
50 
0
145 
3 51 
164 
77 
57 
128 3 
159 
81 
144 
145 3 
70 
162 
128 
54 
100 
3 159 
147 
144 8 
145 
51 
59 
144 1 
149 
0
3 59 
50 
153 
147 
140 
147 
146 
155 
97 
136 
77 1 
54 
4 147 
159 
59 
4 158 
144 
111 
152 
1 87 
65 
1 157 
152 
155 3 
52 
57 
155 
60 
0
162 
144 
146 1 
155 
52 6 
2 156 
59 
1 64 
161 
151 
136 
155 
159 
99 1 
52 
62 
87 
164 2 
154 
46 
1 50 
60 
2 96 
1 50 
46 
77 
89 
87 
96 
136 
99 
62 
65 
46 
57 
0
57 
81 
60 
143 
2 99 
3 60 
2 89 
154 
159 
143 3 
67 
88 
155 1 
64 
153 
58 
57 
2 59 
159 
156 
66 
140 3 
161 
3 156 
87 
90 
144 
4 93 
89 
146 
52 
173 
155 
143 
148 
57 
60 
99 
155 
1 57 
144 
3 147 
50 
58 
59 
156 
48 
0
60 
54 1 
155 
51 60 
3 155 
3 60 
100 
2 64 
52 
173 
144 
59 
155 
2 144 
59 
89 
146 1 
67 
62 
164 3 
157 
50 
88 90 
89 1 
164 
89 
48 
100 
162 
151 
162 
52 
164 
2 54 
153 
99 
54 
56 
54 
2 57 
144 
147 
136 
54 
156 
0
88 2 
99 
42 2 
173 
144 
57 6 
2 111 
58 1 
62 
146 
155 
54 
54 
143 
144 
155 
4 59 
146 
159 
8 111 
153 
50 
59 
0
153 
89 
81 1 
1 50 
81 
134 
3 149 
136 
1 97 
154 
164 
59 
0
50 
87 
63 
153 
151 
44 
60 
140 11 
164 
173 
54 
2 50 
52 
155 
159 
53 
89 
158 7 
62 2 
136 
55 
48 
96 
65 
147 
50 
136 
159 
38 
140 
54 
54 5 
2 136 
144 
89 
156 
128 4 
161 1 
151 
57 
97 
1 81 
68 
159 
2 48 
93 
58 
136 
161 1 
46 
58 
54 
146 
0
2 147 
45 
155 
4 96 
144 2 
3 60 
161 
48 
155 
66 
144 
60 
136 
1 50 
5 157 
67 
140 1 
143 
1 144 
46 
52 
143 
111 
161 2 
54 
162 
164 
153 2 
156 3 
1 59 
45 
159 
51 
145 
111 
111 
144 
3 62 
56 
61 
155 
146 
9 63 
148 2 
155 
3 143 
52 
154 
50 
149 
0
90 
162 
161 
144 
155 3 
144 
151 
56 
6 173 
3 143 
146 1 
48 2 
148 6 
68 
106 
159 3 
62 
62 
147 
155 
148 
145 
54 
61 
99 
159 
140 
3 156 
66 4 
164 
62 1 
128 
3 89 
140 
0
147 
90 
92 
51 
54 
97 
2 62 
65 
88 
57 
51 
51 
90 2 
5 144 
5 64 
59 
54 
87 
153 4 
134 
149 
148 128 
145 
63 
57 
136 
2 156 
164 4 
136 
89 
2 52 
99 
151 
54 
1 52 
153 2 
159 
58 
99 
162 
65 
89 2 
58 
153 
54 
55 
51 
90 
2 155 
5 60 
65 
68 
81 2 
0
155 
156 
62 2 
60 
97 3 
148 
99 
59 
51 
88 
145 
156 
2 57 
148 
151 
2 144 
56 
128 
155 
144 96 
99 
146 
4 53 
53 
164 
161 
128 
154 
157 
0
87 
3 111 
155 
156 
1 63 
153 
3 50 
66 
48 
106 
2 144 
147 
1 51 
1 162 
1 50 
61 
173 
54 
161 2 
164 
58 
143 
60 
155 
143 
1 155 
50 
48 
2 158 
143 
0
60 
4 154 
70 
145 
164 
96 
145 
77 
148 
62 
3 57 
52 
68 
147 
52 
8 173 
152 
5 52 
65 
161 
48 
0
53 
90 
158 
155 
145 
155 
65 
173 
58 
51 
58 
0
106 
2 106 
1 87 
164 153 
161 1 
147 
90 
92 
164 
162 
51 
2 149 
1 136 
48 3 
89 5 
57 
145 
58 
52 
89 
99 
59 
55 2 
147 
52 
145 
159 
153 
2 111 
46 
106 
151 2 
155 
2 149 
2 173 
62 
155 
153 
1 61 
2 162 
89 
65 
81 1 
154 2 
145 
59 
0
3 60 
1 60 
59 
134 
1 87 
161 1 
96 
1 53 
164 1 
100 
54 2 
1 134 
42 58 
87 
3 60 
145 
156 
11 144 
159 
87 
152 
161 
99 
158 
161 
145 144 
148 
145 1 
158 
149 57 
60 
96 
156 
164 1 
64 
60 
61 
0
148 
87 
147 
159 
173 
147 
155 
54 
156 
111 
50 
159 1 
54 
164 
145 
47 
146 
48 
89 
87 
92 
4 54 
58 3 
144 
5 96 
164 
159 
143 
0
50 
173 
54 
96 
89 
54 
145 
162 
0
58 
149 2 
155 
48 3 
92 
65 
5 106 
9 147 
97 3 
50 
164 
173 
2 63 
60 
158 2 
59 
147 
65 
62 4 
0
162 
151 
1 144 
81 3 
3 157 
173 
5 51 
1 58 
58 
144 
155 
89 
96 
88 
111 
128 
153 8 
147 
59 
93 
152 
173 
2 57 
155 
48 1 
53 
54 
158 
99 3 
51 
144 1 
54 
100 
66 
54 
57 
87 155 
156 2 
2 155 
162 
2 157 
155 
68 4 
93 
148 
147 
136 1 
1 156 
57 
111 
77 
97 
11 144 
0
143 
1 54 
140 143 
93 
1 155 
1 58 
154 
1 128 
147 2 
44 
2 65 
44 54 
128 
59 
1 106 
77 
55 3 
58 4 
154 
60 2 
54 
0
159 4 
46 
66 
149 
1 57 
89 
0
155 
0
143 
48 
52 
87 
147 1 
89 
97 
134 
3 92 
60 
60 
62 
54 2 
54 
147 
158 
2 96 
157 1 
81 4 
156 
156 
149 2 
1 67 
161 
90 
145 
68 3 
62 
89 
146 
55 
164 
93 
153 
96 
5 152 
4 87 
155 
96 
44 
136 
66 
54 
54 
153 
59 
61 
1 155 
144 
149 
147 
155 
54 
48 1 
4 92 
58 
2 63 
50 
159 
5 57 
57 
140 
145 1 
0
144 
106 1 
54 
0
146 
65 1 
54 
173 
99 
1 154 
161 
154 
4 92 
1 153 
52 
146 
156 2 
60 
87 
51 
156 
148 2 
146 
54 
136 
134 
155 
97 
145 
152 
144 
66 
144 
5 88 
2 154 
1 151 
161 
60 
51 
144 
92 
44 
97 134 
173 
54 
65 2 
1 158 
1 62 
164 
156 
134 
0
159 
88 54 
54 
88 
128 
59 
89 2 
147 
77 50 
63 
54 
54 
140 
159 
1 52 
65 
153 
149 
161 
143 
51 
70 
99 
0
146 1 
151 
143 
4 50 
52 
134 
3 173 
153 
3 89 
154 
173 2 
111 
55 
46 3 
62 
3 47 
157 
60 
159 
156 
92 
148 
136 
159 
152 
67 
3 106 
157 
60 4 
111 
92 
2 96 
54 
52 
2 147 
58 2 
162 
52 
164 
60 3 
161 2 
157 
145 
2 54 
111 1 
2 88 
55 
92 
155 
100 
3 93 
4 89 
106 
145 
154 
136 
50 2 
60 
128 
147 96 
4 64 
155 
3 68 
157 
156 
89 
147 
145 
144 
62 
151 
54 1 
146 
134 
155 
4 62 
144 
1 147 
159 
0
100 
57 
60 
158 3 
144 
59 
54 
1 152 
44 
156 
70 
147 
145 
88 
2 156 
6 68 
47 
144 
173 
57 
3 159 
148 3 
44 
0
136 
156 
2 154 
2 58 
56 
145 
155 
0
66 
140 3 
2 99 
2 89 
2 147 
92 
2 157 
106 
99 7 
54 57 
0
57 
59 
144 
148 
89 1 
60 
87 2 
146 
111 
144 
60 
51 
1 89 
55 
153 
60 
149 
55 
87 
0
159 
145 
155 
144 
65 
146 2 
161 3 
57 
144 
97 3 
152 
87 1 
3 57 
146 
152 
77 4 
144 
173 
145 3 
0
144 
1 147 
161 
161 
50 
52 
144 
134 
90 
53 
51 
173 
99 
42 
62 
81 
145 5 
134 2 
155 
1 153 
153 
97 
155 
89 
62 
52 
146 
146 
62 2 
51 
147 
147 
156 
164 
155 
146 2 
55 
144 
145 
144 
5 50 
57 
152 
128 55 
155 
144 
153 
60 1 
2 58 
3 134 
0
90 4 
2 157 
148 2 
161 
2 143 
2 154 
88 
88 5 
164 
0
4 97 
0
106 
158 3 
1 89 
54 
148 
144 
164 
67 
57 
59 
59 
81 2 
128 
1 59 
161 4 
100 
164 
156 
164 5 
164 3 
100 
1 67 
62 
54 
3 159 
2 99 
144 
3 156 
52 
155 2 
99 
53 
54 
145 
156 
144 
159 
58 
136 
92 
54 
164 
54 
145 1 
50 
155 
57 
81 2 
89 
59 
38 
52 
155 
50 
2 58 
173 
65 5 
2 158 
59 
60 
2 93 
1 173 
90 
155 2 
0
173 
62 
136 
52 
154 
99 
89 
3 96 
44 
161 
0
106 
146 
92 
62 
146 
96 
92 1 
158 
51 
5 55 
100 
0
70 
52 1 
144 
62 
2 106 
2 50 
7 153 
88 
90 
2 66 
89 
157 
173 
65 
9 68 
153 
2 155 
89 
97 
4 52 
50 
147 
149 
1 157 
56 
62 
65 2 
57 
52 
106 
54 
159 
136 
3 149 
153 
157 
100 
128 
145 2 
159 
2 60 
48 1 
1 173 
136 
47 
136 
2 65 
53 
44 3 
57 
147 
156 
159 
155 
158 
136 
145 
4 62 
56 
143 
153 
96 
144 
3 59 
145 1 
57 8 
100 
67 
144 
67 
1 153 
155 
0
51 
155 
145 144 
99 2 
46 4 
153 
144 
159 
54 
159 
61 
148 
92 
1 51 
61 2 
1 54 
0
1 153 
144 
134 
54 
5 147 
145 
0
59 
61 1 
157 
4 111 
153 
155 
164 2 
146 
87 
134 
0
144 1 
59 
57 
70 
66 
54 
97 4 
161 
136 
3 89 
88 
53 
2 56 
147 
156 
128 2 
162 4 
5 157 
59 
4 106 
50 
148 
58 
99 
58 
3 48 
93 
54 1 
90 
128 
106 
89 
106 
155 
99 
140 
0
1 128 
159 2 
54 
1 57 
144 
159 
162 
65 
3 111 
60 
60 2 
159 1 
54 2 
63 
162 
60 
147 
54 
155 3 
68 
54 
68 
151 3 
161 
0
58 2 
53 
161 
155 
90 
4 149 
0
152 
0
89 
59 
149 
145 
158 
92 2 
100 1 
97 
161 
156 
50 
5 144 
51 
5 87 
143 
146 
92 
1 66 
59 
143 
149 
62 
48 
67 
134 
2 53 
60 1 
2 70 
58 
99 
2 149 
146 
156 
173 
136 
154 
88 
1 128 
44 
173 
62 
57 
164 
2 149 
153 
145 2 
92 
151 
60 
140 
60 
3 48 
99 
58 
92 
144 
50 
151 158 
52 
145 
38 
1 58 
90 
3 144 
42 
4 173 
148 158 
145 
48 
145 
145 
145 
152 
2 67 
47 
1 147 
158 
0
158 
48 
153 
0
1 58 
48 
159 
136 
54 
2 52 
153 
0
164 2 
8 87 
1 68 
147 
158 
60 
2 70 
155 
81 
155 
145 
93 
54 2 
159 
161 
151 
145 
159 
0
54 2 
2 56 
54 6 
3 144 
146 2 
134 
145 
62 
159 
1 156 
77 
155 
149 
173 
55 
0
1 51 
5 92 
3 159 
90 2 
161 38 
63 
53 4 
58 
54 99 
54 
159 
70 
57 
146 
4 147 
65 
59 
2 152 
57 
2 58 
2 70 
64 
164 
1 152 
153 
51 155 
4 154 
153 
58 
56 
63 
106 
144 
145 
154 
54 
148 59 
151 1 
54 
100 
2 81 
89 
151 
4 59 
51 
81 
144 2 
59 
156 
2 99 
1 62 
157 
81 2 
70 111 
155 
144 
96 
144 
3 155 
48 
156 3 
111 
50 
55 
156 
97 
2 90 
3 134 
48 
4 159 
146 
2 155 
158 
145 
65 3 
1 156 
111 
161 
2 99 
93 
1 156 
144 
59 2 
93 
149 2 
62 
144 
50 
151 
46 
153 
99 
57 
60 
154 
159 
145 2 
157 
153 
57 
48 
54 
54 
97 8 
99 
54 
58 
158 
155 
54 3 
144 4 
48 
3 153 
67 
148 
87 2 
162 
1 100 
59 
100 
155 
173 
89 
1 42 
54 
53 
157 
60 
68 1 
54 
106 
159 
159 
54 
162 
54 
3 157 
146 
161 
162 
128 
3 50 
57 5 
58 
159 
2 152 
0
50 
164 
68 
151 3 
111 
157 
62 
51 
147 
136 
145 
89 
56 
156 
55 
89 
140 
55 
62 
145 
106 
2 156 
54 
90 
54 
100 
162 2 
153 
92 
2 50 
89 
157 
62 
44 
161 4 
155 
147 
87 
54 
149 
55 2 
159 
88 1 
65 
2 157 
162 
156 
158 
144 
44 
144 
70 
48 
156 1 
155 
51 
161 
62 
59 
140 
155 
65 
153 
93 
57 
52 
48 
9 60 
134 
136 
62 3 
70 
154 1 
156 
134 
155 
100 
173 
143 
67 
1 70 
67 
63 
46 
159 
54 
99 
173 
54 
106 
54 2 
159 
3 159 
164 
128 
148 
147 
67 
144 
161 
56 
87 
0
1 143 
8 67 
128 
144 
153 
60 
149 
1 59 
3 155 
162 2 
65 
173 
1 65 
44 
144 
3 54 
44 
3 155 
159 
54 
159 
77 
54 1 
147 
136 
55 
145 
68 
52 
97 
46 
54 2 
1 155 
1 173 
52 
3 54 
56 
51 
51 
144 
60 
65 
52 
53 
56 
145 3 
2 57 
148 
145 
145 2 
144 
2 70 
144 4 
59 
149 
2 152 
151 
153 
144 5 
2 140 
60 
1 57 
147 
1 59 
88 
151 9 
42 
92 
57 
155 
136 
154 
147 
57 
58 
54 
2 68 
90 
143 
144 
158 
7 159 
106 
62 
155 
50 
68 
2 51 
87 5 
54 
55 4 
161 
77 
90 
99 4 
1 140 
59 
161 
48 
155 
44 
1 92 
3 144 
51 
66 
155 
3 144 
2 57 
57 106 
156 
89 
4 154 
145 
5 92 
111 
3 173 
57 
1 143 
48 
89 
143 
106 2 
62 
159 
89 
68 
147 
54 
3 50 
96 
161 
144 
52 
87 
111 
134 
52 
134 
151 
89 
154 
54 
0
154 
45 
159 4 
62 
146 154 
2 152 
156 2 
4 64 
157 6 
140 9 
153 
151 
140 
54 1 
0
62 
62 
58 
59 
155 
128 
87 
145 2 
161 
1 97 
134 66 
57 
53 3 
1 161 
151 
44 
3 93 
54 
57 
173 
144 
99 
144 
92 
161 1 
54 
4 87 
55 152 
147 
144 
54 2 
100 
96 
148 
162 
1 52 
159 2 
62 
81 
147 
145 
89 
159 
144 
100 
89 
65 
52 
42 5 
134 
1 97 
145 
164 
162 
1 53 
2 63 
81 
157 
66 
54 
57 9 
155 
148 
2 51 
173 
144 
62 3 
156 
60 3 
2 154 
155 
77 
156 
89 3 
93 
68 
148 
59 
157 
88 1 
164 
50 
54 
97 
152 
100 3 
106 
159 
0
42 
62 
145 
46 
55 
0
5 144 
59 
152 
156 
156 
54 51 
59 
54 
151 
145 
93 
148 
5 96 
134 
57 
92 
62 
159 
0
60 
147 
58 
61 4 
155 
52 
155 
147 
0
52 
144 3 
81 
1 58 
145 
59 
57 
155 
161 
2 50 
70 
57 
52 
81 
143 
2 157 
144 1 
59 
147 
0
4 58 
99 
1 144 
5 152 
136 
157 
159 2 
60 3 
0
66 1 
3 147 
3 149 
52 
92 
153 1 
147 
151 
1 128 
57 
153 
87 
62 
3 155 
164 1 
144 
144 
144 
54 
44 
60 
81 3 
0
54 
145 
55 6 
144 
145 
2 92 
44 
161 
59 
161 
3 144 
96 
154 
144 
2 92 
1 152 
151 
164 54 
54 
52 
147 
59 
140 
152 
161 155 
147 
1 87 
96 
54 2 
144 
89 
92 
161 
146 
0
99 
128 
144 2 
57 
153 
2 156 
156 
54 
61 
162 
54 2 
58 
3 45 
0
2 90 
149 
144 
140 
44 
60 
92 
140 
92 
63 
2 96 
2 155 
58 2 
144 1 
164 
56 
54 3 
173 
0
153 
161 
151 1 
161 
81 
51 
3 136 
54 
50 
4 62 
60 
156 
158 
3 134 
57 
157 
146 
2 164 
5 128 
67 
59 
1 67 
0
62 
157 
151 
60 
147 
54 3 
62 
1 60 
144 
148 1 
1 140 
65 
143 
1 96 
156 
92 
162 
158 
87 
50 
161 
158 
68 
56 
144 
97 1 
38 
147 4 
147 
134 1 
147 
156 
59 
155 
2 158 
57 
1 52 
149 
1 147 
9 158 
128 2 
145 
152 
145 
159 4 
144 
89 
144 
159 
128 
62 
4 60 
54 
173 
0
64 
67 
3 173 
1 51 
67 1 
155 
159 60 
44 
161 4 
2 144 
70 
155 
51 
54 
155 
136 
128 
156 
42 
161 
54 
153 
161 1 
159 1 
111 
92 
106 
65 
144 
57 
159 
3 53 
1 155 
143 
144 
151 2 
59 
92 
63 
5 156 
153 1 
68 2 
3 59 
2 151 
144 
164 
89 
173 
153 
164 1 
90 
53 
144 
156 
155 
0
154 
2 140 
65 
154 
54 2 
55 
2 128 
62 
155 
61 
96 
159 
144 
4 48 
161 
156 
156 2 
89 
96 
59 
0
3 100 
54 
62 
149 
144 
173 58 
173 
153 
153 4 
100 
45 
146 5 
134 
173 
60 
145 
62 
59 4 
50 
153 
2 148 
51 
157 
55 
59 
1 158 
157 
59 
54 
144 
143 
53 
144 
158 1 
51 
128 
96 
0
146 1 
87 
96 
54 
60 
99 
52 
4 51 
57 
57 
99 
57 
89 
87 
45 
62 
57 1 
2 50 
3 164 
81 
1 57 
149 
93 
128 
0
87 
2 173 
145 1 
153 
3 128 
156 
144 
93 
161 
145 2 
159 
50 
52 
3 147 
52 2 
140 54 
162 
1 52 
161 
164 
48 
156 
54 
156 
162 5 
136 
149 
60 96 
159 4 
152 
62 
161 147 
62 
145 
99 
59 
2 55 
70 
162 
54 
58 5 
145 
164 
57 
144 6 
54 4 
161 
147 3 
161 
156 
0
50 
97 
44 1 
54 162 
159 
147 
155 2 
143 
3 144 
99 
164 153 
134 
88 2 
53 
162 3 
89 
48 
3 152 
1 50 
68 2 
0
77 
1 48 
173 3 
54 1 
155 
146 
87 
4 51 
162 
64 
143 
155 
128 
96 
146 
58 2 
164 
61 
54 
128 
4 54 
153 
45 
2 92 
144 
128 
1 56 
153 
4 153 
97 1 
88 
161 
92 
144 
50 
52 58 
147 
159 153 
143 
60 
153 
2 144 
100 
156 
151 
1 64 
60 
60 
128 
60 
87 
157 4 
156 2 
145 2 
57 
0
161 4 
157 
145 
87 
54 
6 70 
151 
144 
144 
1 67 
92 
89 
156 
157 
144 
92 
136 
0
44 1 
143 
2 96 
3 55 
154 
52 
1 154 
54 
54 3 
140 
54 
151 
145 
54 1 
68 1 
154 
143 
58 
67 
59 
62 3 
54 93 
54 
149 
68 
2 92 
155 
4 60 
62 
60 
158 
161 
159 2 
89 
143 
50 
159 
0
145 
88 1 
4 155 
65 3 
151 2 
145 
99 4 
2 154 
5 155 
54 
96 
57 
144 
151 
144 
3 144 
145 1 
1 59 
156 
143 1 
146 
144 
136 
62 2 
159 
154 
2 57 
161 2 
106 
60 
144 
134 
149 
59 
144 
156 
144 1 
144 
147 
159 
161 
67 
60 
144 
54 
106 3 
59 
144 
54 2 
60 
144 1 
60 
62 
65 
90 
156 
2 106 
66 
154 1 
149 
92 
60 
54 
44 2 
87 
144 3 
3 56 
2 159 
147 
58 52 
90 
159 
2 152 
97 
134 
157 
147 
92 
2 60 
148 
60 
58 6 
54 
89 
0
154 
3 147 
149 
162 
146 
162 
155 
54 
147 
3 128 
155 3 
144 
173 
4 87 
2 155 
159 
151 
0
161 
57 
3 67 
65 2 
42 
2 146 
56 
162 
59 
87 
147 
59 
0
1 57 
68 
51 
1 154 
146 
161 1 
2 144 
48 
54 
156 
77 
60 
59 2 
145 
145 
151 
62 
51 
136 
89 
162 3 
0
57 
162 
59 
4 153 
164 
147 
89 
54 
51 
57 8 
144 
144 
0
2 158 
144 
93 
148 
164 3 
155 
149 
54 1 
48 
59 
59 
57 
147 
62 
99 
0
155 
158 1 
0
140 
5 157 
90 7 
155 
52 
1 50 
61 
54 
99 8 
44 
50 
155 
50 
58 
164 
54 
155 
154 
55 
161 
51 
149 1 
148 156 
51 
67 
57 
62 
147 
63 
128 
153 
87 
50 
162 
48 1 
1 147 
144 
2 58 
161 
153 
148 140 
59 
59 
58 
51 
146 
59 
100 
144 
143 3 
100 
56 
60 
90 
3 155 
5 164 
53 3 
3 147 
159 
53 
157 
77 
161 
4 70 
155 
161 60 
161 
62 
92 
54 
55 
97 
0
146 
54 
45 
1 99 
52 
144 
97 
54 
60 
2 57 
145 
0
2 60 
2 140 
54 
2 67 
2 149 
149 144 
144 
155 
59 1 
100 
136 3 
2 87 
173 
156 1 
52 
48 
3 59 
52 2 
89 
54 
134 
161 
140 
90 
3 60 
153 
50 
52 1 
154 
50 
136 
99 3 
0
128 
52 
3 64 
146 
87 
111 
2 156 
66 
155 
63 
66 
48 
156 
87 
159 
97 4 
51 2 
58 
155 2 
3 92 
147 
146 
2 53 
3 144 
162 4 
67 
148 1 
0
99 3 
77 2 
87 
147 
87 
88 
77 
58 
50 
143 
161 
159 
58 
5 56 
156 2 
92 
59 
140 2 
0
173 
57 
0
1 144 
96 
146 2 
152 
90 3 
1 62 
144 1 
0
161 2 
4 100 
63 
87 2 
140 
156 
146 
54 
53 
54 3 
173 
3 147 
59 
55 
54 
90 
151 
60 5 
145 3 
156 
60 
145 
60 
161 
100 
140 
93 2 
87 
62 
1 48 
2 173 
62 
59 
3 81 
148 
158 
3 55 
60 
155 
155 
60 
146 1 
153 
158 
52 
4 154 
2 147 
54 
151 
54 4 
99 
90 
155 
134 
147 
145 1 
54 
2 144 
67 
51 
67 
60 153 
87 
0
156 11 
144 
161 
147 
3 147 
92 
62 
0
144 
156 
0
157 
161 
52 
1 58 
153 
140 
154 
144 
54 1 
68 
61 
54 
5 159 
173 
7 53 
68 
111 
162 1 
54 161 
164 64 
144 
48 
148 
0
1 59 
89 64 
59 
3 154 
159 
61 
68 
5 54 
50 
52 2 
151 2 
147 
52 4 
154 
145 
65 
4 155 
52 
151 1 
161 2 
4 81 
57 
2 144 
55 
53 
65 
159 
149 4 
151 
152 
2 149 
106 
57 
46 
44 
59 
155 
159 1 
162 2 
156 
173 
145 1 
159 
67 
155 
0
144 7 
60 
144 
3 53 
3 68 
54 
3 155 
54 
89 
158 
161 1 
77 
67 
140 
148 
147 
161 1 
53 
99 
0
89 
164 
155 
47 
1 144 
1 158 
147 
50 
2 144 
155 1 
8 158 
93 2 
54 3 
54 
149 
59 
62 
106 3 
65 
63 
54 1 
128 
155 
59 
42 
100 
97 2 
54 1 
3 92 
0
50 
145 
156 
54 
162 1 
48 
55 
0
152 
161 2 
161 
134 
128 
154 4 
158 
161 
146 2 
65 2 
88 
1 54 
136 
0
159 
158 
161 
140 
156 
87 
152 
5 53 
99 
62 
136 
50 
5 173 
65 
62 
60 1 
0
67 
146 2 
51 
54 
155 
153 1 
146 
54 1 
59 2 
155 
59 
99 
97 1 
55 
97 
143 
56 
59 
155 
144 
50 
164 1 
154 
144 
128 5 
54 
9 50 
62 5 
62 
164 
145 
144 
64 
0
50 
60 
152 
151 
156 
56 
55 
68 
144 
57 
162 
136 
140 
0
2 156 
156 1 
145 3 
87 
161 
51 
145 4 
54 
99 
155 3 
140 56 
149 
1 148 
1 100 
87 
56 
151 1 
155 
67 
148 
1 70 
57 
67 
70 
0
1 155 
88 
70 
70 
1 173 
3 57 
159 3 
159 
164 8 
0
87 
58 
155 
0
155 
59 
164 
151 4 
1 152 
2 53 
1 155 
156 
111 
153 
65 
173 
1 155 
1 45 
161 1 
3 128 
3 53 
55 4 
153 4 
60 
164 1 
162 
3 153 
136 
136 
81 2 
146 
87 3 
50 
144 
2 153 
144 
159 1 
3 152 
92 
57 
156 
2 111 
81 4 
146 
