1.2269020080566406
1.2400150299072266
1.3082027435302734
0.7200241088867188
1.1441707611083984
1.5871524810791016
1.4293193817138672
0.8447170257568359
37.67561912536621
1.5139579772949219
1.1899471282958984
1.5752315521240234
0.7240772247314453
1.3418197631835938
1.5311241149902344
1.2180805206298828
1.628875732421875
1.4946460723876953
1.2614727020263672
1.5175342559814453
1.4066696166992188
0.6959438323974609
1.2030601501464844
0.7090568542480469
1.6131401062011719
1.848459243774414
1.3933181762695312
0.7009506225585938
1.237630844116211
1.2402534484863281
0.6895065307617188
1.306295394897461
1.6455650329589844
1.2662410736083984
1.4925003051757812
1.1403560638427734
0.7781982421875
1.5017986297607422
1.1937618255615234
1.5873908996582031
0.8006095886230469
1.4009475708007812
1.6758441925048828
1.3096332550048828
0.8404254913330078
1.3091564178466797
1.2965202331542969
1.1644363403320312
1.7554759979248047
1.7600059509277344
1.1444091796875
1.306772232055664
1.5590190887451172
1.5194416046142578
1.6624927520751953
1.3992786407470703
1.779794692993164
1.5020370483398438
1.8584728240966797
0.7002353668212891
1.1260509490966797
1.13677978515625
1.2934207916259766
1.5497207641601562
1.4166831970214844
1.1713504791259766
1.3735294342041016
35.210609436035156
1.8477439880371094
1.322031021118164
1.2209415435791016
1.4796257019042969
1.5163421630859375
1.771688461303711
1.3408660888671875
1.4100074768066406
1.7628669738769531
0.7388591766357422
1.4805793762207031
1.3849735260009766
1.2269020080566406
0.7169246673583984
1.2362003326416016
1.7561912536621094
1.2309551239013672
1.2378692626953125
1.2362003326416016
1.3878345489501953
0.820159912109375
1.3322830200195312
35.715579986572266
1.338958740234375
0.8153915405273438
279.62756156921387
283.8706970214844
1.3606548309326172
281.42619132995605
1.2850761413574219
217.5900936126709
49.02219772338867
0.7638931274414062
228.9102077484131
218.41907501220703
212.26954460144043
200.7577419281006
1.4863014221191406
206.2852382659912
1.6672611236572266
48.675537109375
275.7880687713623
152.8635025024414
1.3048648834228516
205.91354370117188
35.033464431762695
1.447439193725586
283.49947929382324
1.8939971923828125
16.069889068603516
1.5468597412109375
1.2822151184082031
200.79755783081055
205.99699020385742
40.85087776184082
282.2086811065674
40.772438049316406
1.7139911651611328
42.61302947998047
1.300811767578125
1.5532970428466797
