0.7147789001464844
0.7047653198242188
0.3554821014404297
0.6544589996337891
0.720977783203125
0.6821155548095703
0.36644935607910156
0.70953369140625
0.9617805480957031
0.8759498596191406
0.7252693176269531
0.6864070892333984
0.8990764617919922
0.6701946258544922
0.6537437438964844
0.6682872772216797
0.6639957427978516
0.6754398345947266
0.3795623779296875
0.7047653198242188
0.9760856628417969
0.9496212005615234
0.6897449493408203
0.6489753723144531
0.6165504455566406
1.2028217315673828
0.6604194641113281
0.6031990051269531
0.9634494781494141
0.4019737243652344
0.8928775787353516
0.8380413055419922
0.3612041473388672
0.6387233734130859
0.6532669067382812
0.6723403930664062
0.9276866912841797
0.35190582275390625
0.8955001831054688
0.6129741668701172
0.6632804870605469
0.9768009185791016
0.5972385406494141
0.8559226989746094
0.8876323699951172
0.6968975067138672
7.326602935791016
1.0116100311279297
0.6544589996337891
1.2693405151367188
0.9448528289794922
0.6730556488037109
0.6895065307617188
0.7197856903076172
0.6668567657470703
0.7698535919189453
0.7688999176025391
0.5991458892822266
0.9858608245849609
0.6706714630126953
0.7207393646240234
0.6582736968994141
0.6983280181884766
0.6535053253173828
0.6849765777587891
0.6868839263916016
0.6837844848632812
1.192331314086914
0.7252693176269531
0.6611347198486328
0.8542537689208984
0.9014606475830078
0.6566047668457031
0.7140636444091797
0.6563663482666016
0.6666183471679688
0.7195472717285156
1.031637191772461
9.326934814453125
0.7593631744384766
0.6697177886962891
0.7662773132324219
0.701904296875
0.9903907775878906
0.6682872772216797
0.7305145263671875
0.7119178771972656
0.5884170532226562
0.6105899810791016
0.7154941558837891
0.9505748748779297
0.4096031188964844
0.4305839538574219
1.0504722595214844
0.7123947143554688
0.6194114685058594
0.6620883941650391
0.6566047668457031
34.60502624511719
0.6992816925048828
0.6585121154785156
0.6392002105712891
0.9405612945556641
35.70437431335449
0.7288455963134766
0.946044921875
0.6737709045410156
0.9682178497314453
0.7014274597167969
0.40221214294433594
0.9760856628417969
0.7290840148925781
0.3781318664550781
0.6544589996337891
0.35500526428222656
0.6597042083740234
0.7026195526123047
1.2416839599609375
0.6711483001708984
0.6251335144042969
0.4062652587890625
1.2586116790771484
0.6728172302246094
0.713348388671875
0.6389617919921875
0.5655288696289062
1.0421276092529297
0.8838176727294922
0.8726119995117188
