150 
150 
154 
83 145 
166 
161 
58 
154 3 
56 
0
61 
149 
152 
144 3 
55 58 
154 
70 
60 
167 
0
145 
4 144 
166 
170 
53 
1 66 
139 
84 
2 92 
167 
162 
154 
4 66 
94 
2 56 
77 
54 2 
142 
166 
83 
71 3 
83 
1 54 
162 
71 
2 166 
176 
45 
93 66 
130 
130 2 
176 
161 
58 
62 
99 
93 
166 
4 150 
0
145 
129 
94 
69 
150 
2 152 
94 
160 
53 5 
139 
102 
70 1 
135 
11 80 
154 
54 
71 
101 
161 1 
161 
135 
149 
57 
90 
91 
1 84 
145 
161 3 
45 
106 
67 
166 
145 1 
132 2 
152 1 
84 
57 2 
85 
54 57 
77 
70 
56 
2 162 
71 
155 
52 
176 
166 
83 
60 
48 146 
145 
47 
0
1 135 
80 
84 
154 
59 
53 
152 
54 
40 2 
51 
54 
54 
54 
53 5 
92 
176 
47 
139 
53 
102 
59 1 
154 
62 
135 
150 
176 
45 
167 
1 160 
55 
166 
152 
77 
91 
61 
102 1 
69 
152 3 
55 
1 161 
139 
48 
144 
0
66 
59 
92 
69 
160 
154 
56 
77 
48 5 
99 
150 
1 154 
166 
62 4 
166 
0
3 132 
139 
47 
154 2 
1 66 
152 
135 
2 132 
58 
179 
77 
52 
63 
94 1 
55 1 
85 
150 
139 
101 
99 
64 138 
54 
52 6 
132 3 
52 51 
135 
145 
54 
138 
91 
53 
149 
58 
61 1 
53 
144 
166 
3 54 
71 3 
1 160 
45 
149 
145 
85 
152 
59 
53 
99 
94 3 
130 
2 92 
54 
0
132 
142 
154 
54 
11 85 
179 2 
179 2 
54 
135 
3 59 
3 154 
60 2 
154 3 
8 52 
45 2 
11 99 
162 
176 
2 67 
154 
99 
152 
3 152 
106 
84 
54 
94 2 
4 60 
4 48 
161 
166 
152 3 
62 
161 
56 
52 
93 1 
2 160 
179 2 
48 
154 4 
166 
160 
149 5 
0
62 
144 2 
149 
4 135 
4 166 
93 
139 
61 
99 
53 3 
146 
144 
138 
139 
52 
161 
4 61 
150 
150 
2 150 
167 
2 84 
170 
144 
58 
40 
52 
51 
77 
166 
144 
3 145 
85 
0
48 
43 
144 
101 2 
94 
1 106 
94 
51 
167 
149 
106 
176 
60 
135 
166 
162 
145 
91 3 
0
62 
62 
62 
55 
66 
66 
60 6 
91 
3 129 
62 3 
2 162 
84 
1 166 
161 77 
132 
144 3 
66 
4 62 
101 
66 
67 
176 
58 
93 
150 
70 
166 
2 142 
154 
61 
139 
67 
144 
93 
61 
150 
150 
11 52 
77 
2 142 
1 146 
145 
53 
154 
179 71 
3 135 
55 
2 162 
55 
4 160 
61 
1 62 
144 1 
145 
43 
84 
101 
0
60 
170 
64 
145 
149 
167 
161 
51 
58 
66 
85 
2 130 
1 154 
59 
71 
145 
61 
166 
1 84 
62 
54 
166 
146 
158 1 
152 
82 
106 
101 
61 
150 
62 
0
93 
48 
149 
146 
1 162 
3 145 
62 3 
146 
66 
166 
145 
62 84 
58 
61 106 
61 
62 
85 
45 
69 
150 
94 
5 61 
45 
132 
144 
150 
82 
92 
60 
144 
166 
46 2 
130 2 
80 
145 2 
176 
0
56 
132 
55 3 
158 
66 
1 144 
58 
0
101 
166 1 
144 2 
152 
145 
94 
0
1 62 
154 
3 50 
166 
77 
150 
4 154 
167 
69 
144 50 
53 1 
167 
152 4 
55 152 
3 58 
154 2 
71 3 
144 
2 99 
154 
150 
59 
3 58 
48 
43 
4 135 
179 
7 66 
48 
154 
176 2 
53 
130 1 
160 
8 45 
142 
3 47 
152 
179 
70 
138 
69 
2 150 
2 58 
62 
139 
0
176 1 
0
50 
61 1 
71 
179 2 
176 
66 
129 
154 
83 
1 56 
59 
66 
1 85 
152 
150 
145 
154 
52 
90 
161 
2 83 
56 
161 
1 62 
69 
0
5 56 
52 
62 
55 
70 
158 
158 
161 
48 6 
90 
176 2 
54 1 
54 3 
64 
94 
101 139 
166 
166 
2 146 
0
158 
102 
56 
1 150 
67 
59 
67 
61 
179 3 
130 
132 
45 
59 
46 3 
1 85 
2 56 
90 
142 
161 
60 
170 
54 
154 
142 
132 6 
83 2 
62 
160 
60 
59 
48 
161 
91 
166 
66 
144 1 
2 51 
144 
61 
4 57 
4 145 
145 
53 
0
56 
179 
47 3 
62 
63 
149 4 
5 135 
162 
85 
142 
50 
0
60 
167 
154 
55 
162 
58 
91 
170 
60 
48 1 
129 
52 
53 
152 
58 
106 
90 
4 54 
135 
150 
142 
135 
158 
162 
45 
158 
61 
85 
71 1 
90 
66 
62 
161 
152 1 
93 
4 142 
90 
146 
48 
135 
132 
0
48 2 
46 142 
167 
138 
142 1 
5 167 
3 94 
170 
0
60 
1 52 
47 
60 
47 
106 
130 
66 
144 5 
53 60 
66 
61 2 
85 1 
170 
67 
138 4 
0
5 146 
167 
3 167 
62 3 
152 
52 
2 59 
4 94 
161 166 
142 
45 
129 2 
158 
47 
160 
60 
155 
49 
52 
149 3 
45 
63 
52 3 
132 
2 150 
150 
166 
149 
62 3 
149 7 
139 
152 
61 2 
53 1 
55 
106 
60 
152 61 
129 
0
92 
45 
145 
154 3 
142 
54 
167 
45 
166 
66 3 
142 
77 
158 
161 
176 
50 
62 
62 1 
80 
4 152 
155 6 
154 
0
0
150 
56 135 
167 
166 
152 
166 
58 
94 
80 
56 2 
60 
144 
62 
56 
102 
139 
54 
138 
167 
0
63 1 
152 
99 
70 4 
161 
85 
3 146 
144 
53 2 
5 145 
56 1 
144 
60 
160 
158 
85 
93 
3 59 
77 
179 4 
6 59 
0
144 
130 
135 
1 106 
93 
51 
152 
102 
146 
77 1 
99 
59 
162 
45 
106 4 
67 
161 
99 
129 
54 
102 
90 3 
58 
129 
154 
3 166 
166 
54 
149 
161 3 
145 
55 1 
130 
166 1 
149 
83 
61 
170 
166 
55 
70 
2 152 
176 1 
135 
1 166 
135 
92 
130 
53 
77 
83 
149 
160 
154 
56 
60 
62 
60 
62 4 
166 
160 
155 
155 1 
138 
3 66 
161 
166 
52 
154 
63 1 
50 
4 162 
152 
0
66 
170 
66 
129 2 
161 
62 
162 
0
135 
160 
2 154 
52 
0
2 66 
2 77 
145 
93 1 
154 
170 
176 1 
62 1 
144 
149 
63 
85 
0
145 
152 
3 146 
1 58 
144 
2 58 
5 66 
144 
166 
139 
55 
2 166 
50 
132 
145 
60 
142 
170 
1 144 
3 166 
48 
52 
2 83 
51 
60 
142 
158 
55 3 
3 67 
146 
93 
83 
85 
54 
58 
49 
162 
154 
166 
9 146 
179 
90 
166 
53 
145 
161 
2 144 
138 
161 
154 
3 51 
1 52 
52 
51 
170 
63 
60 
63 
1 59 
60 
55 
179 
80 
167 
161 
179 
101 
101 
139 
142 
158 
56 
77 
3 70 
50 
106 
149 
2 61 
142 
71 2 
149 
91 2 
154 4 
158 
94 
62 
94 
52 
152 
149 
5 146 
106 
101 
138 
94 
53 
2 67 
150 
56 
84 
158 5 
55 
1 166 
54 
56 
5 49 
53 
59 
94 
144 
158 
60 
48 
62 
85 
43 
0
176 
91 
71 
132 
132 
56 
144 
53 1 
142 
0
132 
101 
155 4 
0
48 
1 66 
1 170 
150 
160 
69 
152 
139 3 
152 
132 
161 4 
60 2 
0
48 
161 66 
135 
67 
83 
132 
149 
60 1 
55 
132 
154 
145 1 
80 
129 
56 
167 
142 
11 80 
149 3 
63 
149 
4 179 
166 2 
155 
2 67 
69 
161 
130 
170 
154 
50 
149 
166 1 
47 
62 
58 
2 167 
85 
166 
0
54 
102 
139 
145 2 
67 
149 94 
152 4 
56 
62 
54 1 
55 
1 146 
132 
5 90 
63 
2 57 
155 
139 
62 
60 
94 
3 59 
179 
92 
154 2 
58 
158 4 
176 
138 
149 8 
160 
4 80 
62 
5 162 
161 
2 135 
2 162 
94 
161 1 
0
55 
144 
152 
166 
154 3 
155 
149 
4 82 
2 67 
149 62 
152 
52 
48 1 
3 85 
63 61 
144 
85 
106 
176 
3 146 
161 2 
56 
2 145 
54 
85 
61 
67 
1 130 
144 2 
85 
132 2 
85 
62 
149 
52 
142 
101 
60 
90 
161 
56 
40 3 
56 
51 
144 
179 
64 
62 
138 
82 
101 
53 
91 
130 3 
62 
152 
144 
52 
139 2 
64 
85 3 
158 
179 
149 48 
144 
167 
52 
154 
0
176 2 
162 1 
170 
154 
67 
161 
142 
57 
93 
3 150 
152 
45 
135 
155 
139 
152 
52 
132 
154 
59 
3 51 
53 
58 
93 
56 
158 
135 
158 
160 
162 
52 
90 
1 58 
2 160 
55 
101 1 
154 
155 6 
150 1 
1 54 
130 
61 
150 
84 
145 
145 
92 
154 
54 
154 
43 
99 
2 66 
77 
63 
145 
149 4 
142 
85 
62 
2 53 
62 
154 
139 
149 2 
48 
179 
62 
55 
135 
0
144 
53 
8 145 
1 139 
52 
145 
149 
48 
154 2 
0
67 
170 
94 
154 
179 1 
144 
53 
54 1 
132 3 
99 
91 1 
62 
161 1 
179 1 
47 
179 1 
1 77 
52 
91 
71 
135 
54 
92 
166 
62 
55 
51 
90 
129 
152 9 
4 56 
54 
152 3 
4 56 
1 132 
64 
62 1 
166 
130 2 
162 
170 
83 
56 
166 
154 
53 5 
144 
56 
0
4 55 
145 
3 67 
53 4 
53 
150 
70 
150 
0
93 3 
99 
61 
54 1 
1 92 
62 2 
52 
102 5 
0
91 
154 
55 
3 55 
90 
4 58 
9 67 
154 3 
94 
145 6 
85 
0
59 
54 
139 
3 77 
166 
161 
152 
53 145 
2 84 
48 
129 1 
61 
160 
2 50 
3 152 
144 
158 
4 142 
69 5 
138 
84 
142 
49 
92 
60 1 
176 
154 2 
166 2 
152 
58 
61 
0
162 
62 
154 
67 
40 
71 
1 83 
70 
90 
132 
130 
102 
60 
4 106 
1 59 
45 
167 
149 11 
61 
62 
2 150 
155 
54 
102 
154 
145 6 
161 1 
139 
61 
77 
132 
53 
52 
130 
2 150 
139 
176 
93 3 
11 61 
1 135 
154 
77 
138 
55 
166 
158 
48 
94 
1 144 
59 3 
166 
61 
139 
176 
62 
154 
61 
48 1 
69 
4 145 
62 
150 
154 162 
4 51 
61 2 
2 66 
1 149 
85 
144 1 
4 50 
69 
3 64 
155 
145 
158 
161 1 
55 
106 
45 
144 
149 
154 
101 
63 
53 3 
176 
63 
94 
46 146 
82 3 
161 
145 
52 
5 150 
56 
54 
53 
66 
149 
130 
2 106 
102 
52 
149 
6 162 
170 
66 
146 
70 1 
0
170 
2 93 
102 
154 
154 
152 2 
0
59 
80 
82 
54 
54 
146 
154 
60 
55 3 
52 
55 3 
130 4 
94 4 
0
144 
69 
167 3 
55 
170 58 
61 
2 132 
158 1 
52 1 
161 
162 
54 
154 
58 
82 
0
82 2 
67 
1 155 
85 
52 
1 66 
144 4 
176 1 
2 62 
67 3 
55 
150 
170 
149 1 
2 129 
67 
40 
149 2 
66 
54 3 
59 
67 
85 1 
46 
176 
93 
149 
60 1 
166 
59 
0
167 1 
43 
144 2 
149 162 
145 
150 
43 
149 3 
90 
176 
106 
69 1 
152 
135 
48 
58 
5 146 
62 
2 132 
155 
4 160 
0
94 
161 
1 58 
176 6 
56 
130 
70 4 
155 
3 135 
154 
50 
149 
154 
2 58 
3 166 
101 
61 
3 84 
142 
135 
161 
158 
55 
67 
63 
162 
161 
179 4 
160 
150 
54 
166 
179 
2 62 
145 1 
144 
8 132 
158 2 
90 
67 
150 
82 
52 
53 
85 
58 
54 
161 
149 
54 
2 50 
56 1 
67 
55 
82 3 
162 
132 
52 
70 
91 
3 179 
0
142 
1 138 
155 
59 
43 
2 92 
59 
170 
106 
1 66 
150 2 
3 84 
152 
179 
179 
62 
154 
102 
85 
70 
55 
92 
166 
61 
99 
149 1 
166 
3 52 
56 
53 
154 
56 
61 
162 
9 138 
60 
161 
101 1 
129 
61 3 
52 
1 160 
144 2 
64 
162 
61 2 
53 
132 
2 132 
158 4 
77 
61 
161 
135 
158 2 
161 
132 
56 
0
144 
3 161 
59 
132 
132 
144 
48 
176 
149 
85 
85 
61 
61 
48 
149 3 
48 
62 
2 135 
144 
155 
67 
0
46 
135 
50 
144 3 
91 
58 1 
135 
67 11 
1 61 
60 
62 
62 
48 3 
161 
55 
2 67 
162 
91 
154 132 
61 
132 
56 
150 3 
60 4 
54 
58 1 
54 
146 
56 
2 99 
50 
167 
3 84 
62 
82 2 
71 
60 
0
162 
56 
1 50 
146 
56 
170 
152 1 
167 
145 
149 
80 
61 1 
58 
1 52 
161 4 
0
62 
99 
5 132 
50 
70 
52 6 
161 
62 3 
94 
132 
150 
0
58 
166 
85 
63 
61 
162 
0
144 
161 
152 
161 
176 5 
93 
66 
132 
55 
176 2 
55 
56 
154 
55 
50 
1 58 
60 1 
93 
149 5 
142 
55 2 
154 1 
64 
144 
158 3 
48 
93 1 
2 92 
146 
158 
93 
152 
154 3 
144 2 
152 4 
99 
162 
154 2 
45 
0
2 145 
161 4 
5 67 
166 
0
69 
135 
150 
179 1 
132 
166 
129 
166 5 
135 
1 142 
48 
150 
161 
47 1 
94 66 
47 
176 4 
80 
83 
1 92 
162 
0
179 
154 
90 
63 2 
60 
146 
154 1 
3 144 
62 
106 
48 
160 
144 
67 
59 
53 
154 
47 
167 2 
54 
150 
135 
166 
59 
3 99 
52 
84 
40 
161 
92 
94 
71 
167 
47 
144 
144 1 
102 
2 132 
61 
167 
152 
167 3 
64 
170 
1 150 
66 
158 2 
170 
2 52 
150 
53 4 
130 
2 55 
0
83 
55 
67 
167 
3 162 
152 
152 2 
129 
40 
60 
60 167 
60 4 
66 
149 3 
176 
85 
102 
160 
77 
60 
154 
145 
179 
161 2 
150 
130 
154 
161 
0
152 
149 
130 
60 
66 
77 
160 
166 
67 
60 
47 
158 
6 80 
2 139 
93 
170 61 
61 
62 
63 
91 1 
149 
0
54 
48 
57 
152 
154 
161 
56 
51 
90 
93 
149 
2 71 
154 
161 
58 
166 
2 69 
150 
2 99 
94 
170 
59 1 
94 
53 
61 
130 
106 
144 1 
48 
52 
92 
83 
149 2 
3 166 
152 
152 
3 59 
2 50 
4 61 
179 
91 
1 99 
152 4 
58 
53 
55 
62 
67 
167 
149 
11 85 
176 4 
60 
56 1 
56 
130 
154 
48 
0
3 92 
61 
56 
5 66 
60 61 
52 
102 
85 
139 
67 
56 
77 
130 
94 
160 
149 
55 
0
83 
67 
179 
138 
2 92 
176 
59 2 
85 
0
150 
161 
166 
170 
0
144 1 
85 
161 
138 
67 
64 
80 
2 150 
145 1 
0
149 
4 138 
179 1 
0
170 
162 
54 
162 
58 
154 
145 
77 
54 
94 
150 
139 
176 
102 
62 
162 
53 
51 
45 
152 
92 
161 
61 
66 
60 
67 1 
56 
91 
45 
71 
77 
1 135 
3 145 
67 
129 
142 
144 
101 
51 
166 
63 2 
160 1 
161 
144 47 
154 
82 
94 
145 
61 
55 
67 
60 
2 80 
4 132 
83 
1 59 
4 162 
130 
56 
45 
62 
50 
152 1 
60 
144 
167 
62 1 
149 2 
54 2 
144 
152 
63 
56 
55 
60 
0
99 
154 
53 
47 
57 
52 3 
2 130 
56 
83 
64 
1 99 
145 
77 
1 150 
94 
158 2 
3 62 
77 
1 66 
161 3 
102 
0
162 
1 135 
150 5 
48 
176 
155 
132 
154 
77 1 
1 62 
56 
161 
1 59 
166 
101 
149 
135 
53 
62 1 
130 
176 
56 
154 
58 
154 
179 
56 3 
99 
71 
2 170 
106 
179 
129 
129 9 
64 3 
154 
61 
84 
67 5 
2 59 
154 
102 
102 2 
161 
67 3 
145 
77 3 
56 
155 
1 161 
0
55 
3 48 
176 
60 1 
50 1 
149 3 
154 
106 
150 
138 
1 144 
61 
2 92 
158 
106 
50 
149 
160 1 
152 
135 
71 
67 1 
1 49 
138 
145 
130 
102 
61 3 
58 
144 
135 
170 
132 
55 
99 
69 
45 
176 
84 
3 166 
161 62 
152 
129 2 
106 
67 8 
55 
58 
144 
132 
158 4 
160 
99 
62 
43 2 
3 77 
53 
155 
56 
61 
55 
0
2 62 
48 
167 
54 
145 
158 
1 84 
56 
170 
52 
132 
58 
4 135 
161 1 
102 
161 
4 150 
62 
166 9 
63 
62 
179 
102 4 
149 
55 
80 
85 5 
2 166 
52 5 
62 
2 166 
132 
56 
67 3 
158 
60 
106 
161 
56 
49 
46 
135 
55 
54 2 
160 
0
4 61 
63 
146 
48 2 
155 
92 
166 
170 
1 55 
179 
59 
145 
55 
0
54 
56 
66 
106 
144 
59 
170 
92 
59 
142 
1 66 
4 166 
58 
52 
144 
145 
94 
152 3 
154 1 
59 
154 2 
51 
50 
55 4 
1 40 
2 52 
154 
154 
46 3 
62 
0
130 77 
3 83 
154 1 
2 146 
2 66 
160 
139 1 
1 130 
54 2 
51 
60 
167 
2 61 
176 3 
11 101 
0
150 
51 
152 
2 61 
99 
55 
3 56 
162 
3 60 
0
152 77 
166 
0
144 
155 
150 
48 
62 
2 59 
152 
51 
149 3 
59 
170 
94 
80 
61 
4 146 
152 11 
57 
56 
162 
154 6 
50 
59 
154 
161 1 
135 
3 94 
101 
179 2 
49 
66 
161 
179 1 
154 
54 
77 3 
3 82 
152 
0
139 
67 154 
80 
170 
152 
53 
2 64 
56 
91 
3 145 
49 
106 1 
2 82 
1 62 
149 
90 
135 
94 
92 
62 2 
0
60 
45 
152 
53 1 
167 
54 
63 
154 2 
99 
54 
162 
84 
150 3 
0
160 
94 
55 
106 
154 
102 
149 11 
1 77 
47 2 
132 
4 135 
145 
45 
80 
56 3 
149 
150 
50 1 
160 
53 
160 
0
155 
2 84 
149 
91 
132 
61 2 
176 
132 
155 
84 
1 58 
55 
93 3 
45 
101 
54 
154 2 
152 
69 3 
64 
60 1 
61 
48 
58 
101 
54 
82 
60 1 
59 
61 
94 
67 2 
0
170 
60 
155 
90 66 
149 
51 
166 
69 
130 
176 1 
135 
135 
61 
63 
179 
99 
149 
101 
129 1 
84 
135 
161 2 
154 
60 
94 
85 
106 
154 
57 
80 
145 
167 
158 
93 3 
130 
176 
61 
170 
101 1 
8 84 
43 2 
70 
135 
2 150 
106 
2 58 
40 
146 
144 
59 2 
48 2 
55 2 
82 
3 166 
6 82 
46 3 
50 
60 179 
149 
92 
62 
161 4 
60 
139 
1 52 
3 162 
158 
138 
62 
170 
152 
166 
129 2 
132 
162 
94 
61 2 
54 
1 162 
144 
47 6 
135 
48 54 
56 2 
48 
69 
77 4 
129 
62 
90 
57 5 
48 
66 5 
60 
77 
3 83 
45 
130 
161 
84 
155 
142 
61 
101 
144 48 
129 2 
61 
60 
94 
48 
47 
101 
3 132 
60 2 
144 
54 1 
130 
149 
0
0
80 
57 
60 
1 132 
0
154 
1 92 
3 55 
0
138 
176 4 
106 
166 
62 
155 3 
144 
3 90 
3 61 
135 6 
60 
52 
2 160 
161 
55 
161 4 
71 
154 
139 
54 
1 138 
55 
62 
142 
2 152 
49 
60 3 
8 138 
135 
3 146 
102 2 
70 3 
53 
94 
90 
158 
154 
66 
53 135 
59 
69 
66 1 
2 154 
67 
161 
154 
142 
53 
61 
158 
146 
130 
56 
150 
2 99 
0
139 
64 
59 
94 
61 
135 
106 
60 3 
155 
179 
55 
154 
132 
135 
179 
1 57 
146 
43 
60 
106 2 
3 94 
3 90 
91 3 
101 
144 
1 145 
61 
145 
4 150 
139 2 
139 3 
63 61 
7 62 
149 
3 160 
1 60 
129 
150 2 
52 
149 
99 
46 4 
53 
62 
135 
52 
158 
0
46 
3 54 
170 
53 3 
130 
154 
63 
176 
155 
135 2 
53 4 
3 135 
53 
50 
139 
160 
48 
71 
85 
58 
67 1 
3 139 
166 
43 
62 
167 1 
5 62 
130 
52 
179 
62 
145 
160 
152 1 
62 
53 
80 
54 
92 
152 
85 1 
62 
162 
167 
129 
170 
130 2 
60 
149 
145 
55 
62 
176 
77 
90 
0
5 150 
49 
161 
142 
135 
46 145 
55 
154 
161 
135 
3 146 
52 
91 
67 3 
85 
102 
59 
161 
0
50 
150 
61 
58 
0
152 
0
57 
132 
144 
166 1 
144 1 
0
54 
150 
46 
152 
139 
60 
50 
53 
92 
155 
149 
179 
101 3 
150 
66 
152 132 
85 1 
179 
0
2 54 
58 
179 3 
52 
145 
5 48 
70 1 
60 
50 
162 
160 
2 69 
60 
1 152 
54 
53 
1 101 
91 1 
179 
61 3 
3 154 
158 2 
138 
145 
71 
2 160 
62 
70 
90 
3 67 
0
53 
58 
155 
48 
145 
139 
83 1 
2 50 
51 
142 1 
142 
160 
48 
154 
67 
166 
145 
162 
54 1 
60 
150 
5 139 
58 
62 
144 
50 
85 
1 167 
166 
83 
62 
166 
150 
99 
2 135 
85 
70 
47 
94 
2 90 
52 
43 3 
1 56 
56 
154 
71 
150 
154 
152 
55 6 
154 
91 
166 3 
3 49 
179 58 
154 
135 
71 
135 
132 
152 
0
63 
142 
166 
2 150 
69 1 
60 
67 
52 
138 
3 146 
4 92 
85 
145 4 
1 152 
50 
152 
149 
80 
152 
62 
54 
176 
135 
53 
64 
139 
161 4 
129 
154 
132 
47 
61 
92 
82 
166 6 
2 50 
154 1 
4 155 
0
2 60 
166 
82 
94 
53 
80 
144 1 
102 
162 
160 
91 
152 
67 
54 2 
0
63 2 
54 3 
176 
138 
0
154 
144 
82 
130 
51 
0
56 
1 45 
162 
99 
52 2 
130 
152 2 
138 1 
2 55 
91 
138 
3 138 
62 
129 
145 
60 
145 4 
154 
69 
50 
94 
48 1 
69 
53 2 
54 
101 
54 
129 
166 
149 
54 
179 2 
150 
170 
60 
47 
161 
48 
158 5 
144 
150 
166 
40 
62 
166 2 
146 
0
51 
84 
5 166 
55 
77 2 
5 85 
3 132 
57 
8 135 
70 
5 61 
3 61 
129 2 
0
66 
48 3 
129 
64 
152 
152 
70 8 
155 
59 
144 
1 142 
1 66 
154 5 
93 2 
179 
77 
92 
61 3 
135 
0
144 
62 
60 4 
160 2 
61 
80 
54 
166 
2 130 
62 
63 
135 
129 
1 47 
94 
1 56 
61 
167 
53 
160 
154 
145 2 
70 
0
61 
144 
62 
146 
106 
62 1 
2 154 
0
101 6 
53 
129 
0
135 
52 
161 
139 
62 4 
145 
80 
63 
138 
154 
91 3 
149 
150 
150 
1 80 
52 
63 
52 62 
167 
179 51 
2 146 
144 
139 
3 160 
0
152 
40 
53 
166 2 
166 
145 
70 1 
70 
91 
94 
161 
48 
152 
1 130 
53 
150 
129 
3 80 
152 
60 
60 
53 4 
63 
53 
62 
158 1 
152 
60 
67 
158 
58 
70 
59 
51 
154 
90 
149 
90 
93 
60 3 
93 1 
67 
84 
161 2 
138 
99 
166 
152 
101 3 
154 
61 1 
139 
53 7 
161 
130 
166 
155 
139 
139 
155 
150 
132 
61 
144 
69 
154 
56 
48 
155 
149 1 
90 
48 
2 166 
176 
149 
52 
62 
66 
149 
158 
158 
166 
158 
1 142 
2 142 
135 
161 3 
48 
0
150 
138 3 
71 2 
1 58 
53 
59 1 
60 
166 
167 
130 
82 
166 
170 
3 69 
53 
170 
129 
60 
85 
166 
53 
154 
158 
145 1 
154 
154 
4 58 
150 
2 135 
144 
52 
3 135 
162 
1 61 
2 99 
170 2 
60 
67 
85 
6 47 
3 45 
106 
144 
54 3 
4 77 
158 
129 2 
60 
144 4 
179 
2 99 
160 
176 2 
54 
166 
3 150 
82 
90 
161 2 
56 
50 
154 
62 
48 
54 
152 
62 
154 
1 47 
0
149 48 
161 2 
3 135 
53 
154 
2 146 
145 4 
154 
161 
144 5 
2 59 
3 51 
162 
135 
155 
90 
54 
80 
2 55 
149 
132 1 
4 67 
149 
166 
135 
162 
58 
146 
3 139 
4 144 
129 
170 
146 
58 
6 146 
85 2 
60 
145 
161 
152 2 
60 
149 5 
152 
2 166 
154 
67 
155 
167 2 
43 
58 
52 
61 3 
132 
135 
176 
66 
138 
152 
160 
154 
132 
154 
144 3 
51 
93 
53 
161 
0
69 
62 4 
170 
60 
0
71 
149 
3 60 
3 139 
77 
142 1 
60 
135 
55 
150 
138 
92 
70 
149 
54 
50 
135 
61 
45 
90 
59 
52 4 
2 144 
2 160 
150 
55 
150 
166 
85 
0
132 
160 
60 
135 
161 
145 
132 
60 3 
45 
167 
55 
0
91 
2 58 
67 6 
161 
142 
4 64 
46 
149 
0
4 83 
7 80 
154 10 
1 66 
99 
1 92 
146 
66 
54 
60 
138 
53 3 
99 
155 3 
77 
49 
0
138 
152 
145 
1 150 
94 
139 
4 135 
129 
61 
161 
11 71 
0
3 59 
67 
4 66 
52 
176 
132 
51 
154 3 
149 
145 
49 
162 
160 
4 66 
61 59 
179 
1 154 
167 
130 
91 
3 48 
101 
60 
106 
52 
1 138 
63 
51 
2 150 
150 
66 
77 3 
154 
59 
50 
45 
50 
66 
145 
142 2 
139 5 
1 138 
70 
67 
64 
63 
154 
54 
145 
150 
142 
161 
149 
48 
55 
59 
154 1 
48 
0
80 
145 
166 
53 
166 
51 
155 
64 
62 1 
45 
152 
2 149 
106 
167 
101 
61 
170 
80 
1 49 
66 
80 
48 
56 8 
55 
145 
52 
3 166 
130 
59 1 
63 
154 2 
40 
179 
155 
166 
1 139 
82 
5 145 
54 
59 
135 
64 
90 
3 167 
99 
52 
149 
2 92 
154 
106 4 
176 
166 3 
82 
139 
146 
161 
170 
53 
0
149 
1 138 
45 
54 
167 2 
1 139 
94 
158 
135 
139 
161 
154 
50 1 
144 
144 152 
2 166 
53 4 
52 
71 
5 149 
0
158 7 
146 
149 
55 
160 
3 94 
77 
49 
83 
161 1 
77 
166 
2 154 
62 
167 
162 
132 
54 2 
2 84 
152 
150 
84 
67 
154 
179 2 
154 
149 
85 
135 
62 
144 
145 
67 
61 
63 5 
48 6 
102 
67 1 
53 
152 
167 
82 
70 
51 
62 
138 
4 58 
170 
166 
154 
0
60 
94 
53 
102 
162 
2 66 
46 
53 52 
135 
60 
0
70 
4 62 
142 
2 132 
144 
2 69 
61 
47 
80 
55 
149 
154 
94 2 
0
144 
93 52 
139 2 
129 
160 
142 
48 6 
63 3 
70 145 
155 
1 54 
2 77 
1 166 
132 
1 64 
167 
176 
2 167 
94 
56 
48 
135 
77 
62 
135 
176 
146 
2 152 
160 
0
83 
150 
48 
154 
69 
154 
135 
142 
48 
61 
45 
166 
56 1 
145 
144 
60 
91 
150 1 
55 
154 93 
90 
132 
2 83 
71 
70 
62 
67 
130 
167 
130 
145 
3 135 
1 135 
146 
0
84 
106 3 
85 1 
154 
53 
106 7 
47 51 
56 
149 
54 
62 
145 
92 
154 
152 
60 
130 
145 
160 
61 
54 
71 
142 
62 
144 
1 61 
145 
158 
166 
57 
154 
135 
3 106 
59 
59 2 
93 1 
60 
77 
154 
53 
138 
66 
162 
161 
64 1 
170 
154 
145 
85 
46 3 
40 
161 
161 1 
138 
53 
138 3 
161 1 
62 2 
51 
161 2 
154 
166 
66 4 
94 
152 
0
94 
106 
4 40 
158 4 
158 
106 
50 
52 
54 
55 54 
48 
85 
152 
62 2 
0
135 2 
161 
2 77 
167 
161 
61 
4 94 
5 62 
56 
154 
132 
166 
94 
1 166 
170 
158 
154 
166 
0
83 
1 135 
85 
3 54 
102 
85 
144 
52 
85 
152 
144 
5 152 
59 
94 
60 
0
59 
149 
62 3 
166 2 
158 2 
55 
132 
155 6 
161 2 
154 1 
0
56 
2 62 
129 1 
144 
46 1 
154 
152 
2 160 
132 
152 
93 
45 
160 
60 3 
179 
150 2 
4 142 
82 
64 
158 
154 1 
84 
129 
2 154 
129 
150 
130 
3 154 
1 94 
61 5 
161 
161 1 
176 
1 149 
59 
2 77 
58 
158 
162 
85 
4 132 
63 
149 
50 
154 
53 
102 
59 
60 1 
56 
61 
146 
55 2 
176 
129 
55 
152 3 
55 
62 
0
54 10 
154 
58 3 
129 
135 
166 66 
135 
146 
152 
132 
85 
61 
55 
0
53 
99 
2 62 
179 
66 
61 
67 
161 
54 
91 
0
67 1 
4 82 
0
149 
54 
146 
55 
93 77 
58 
0
154 2 
154 8 
158 
132 
5 67 
52 
77 99 
146 
61 
144 4 
150 2 
91 
132 
135 
145 
56 
59 
145 
49 
45 
70 
152 
149 1 
0
179 
179 1 
144 
94 
0
106 
132 
1 52 
152 
1 67 
58 2 
2 48 
144 
3 132 
179 2 
6 152 
132 
60 
43 1 
91 4 
55 
55 
132 
132 
63 
0
53 
132 
130 
52 
170 
179 
71 1 
179 1 
2 130 
3 51 
101 
154 1 
2 47 
58 
60 
55 1 
77 
146 
47 2 
71 
102 4 
161 
176 
130 
145 
2 99 
154 
62 
161 
94 
132 
155 2 
55 
3 150 
106 
129 
55 
54 2 
62 
60 
99 
142 
94 3 
61 
167 
57 
63 
48 5 
4 99 
91 
2 139 
154 
152 
132 2 
152 
57 
57 
167 
145 
150 
167 
144 3 
60 5 
60 
77 
67 
154 
61 
60 
170 
161 1 
158 3 
85 2 
48 4 
59 
3 135 
0
166 
91 
0
59 
53 
135 
90 3 
62 
2 67 
144 
161 
2 67 
62 
138 
77 
2 139 
0
63 
3 144 
2 54 
158 
77 
2 144 
145 
3 150 
0
71 1 
63 1 
179 
154 
59 
2 56 
176 
2 82 
55 
2 62 
3 106 
152 
144 
91 2 
130 
1 160 
138 
146 
62 
142 
142 
83 
0
56 
166 
54 
154 
62 
145 
106 2 
162 
142 
152 
149 3 
106 
176 
160 
161 45 
55 4 
145 
3 135 
129 
62 
149 
62 
2 160 
161 1 
162 
47 
77 
55 
53 
55 
179 
91 51 
47 
60 
145 
102 
61 
67 
130 1 
132 
150 
166 
56 
142 
48 
1 67 
45 
80 
142 
154 3 
47 
152 
3 106 
150 
67 
0
77 
101 2 
0
154 
176 
82 
142 
145 
2 170 
50 
154 1 
161 
2 166 
1 135 
62 1 
2 166 
2 62 
150 
132 
67 
142 
0
146 
99 
63 
158 
135 
135 
84 
144 
50 
55 
154 
56 
59 
167 
158 
62 
144 
62 3 
142 
155 66 
166 5 
61 
0
135 
47 3 
166 
1 55 
52 3 
51 
102 
150 
1 166 
149 
56 4 
60 2 
4 167 
55 
144 2 
160 
91 
85 
154 
0
1 167 
4 59 
149 
2 135 
0
149 
85 4 
154 
66 
170 
48 
4 48 
0
161 1 
60 3 
149 3 
139 
83 
3 145 
149 
176 
64 
150 
139 
58 
149 
135 
145 3 
58 1 
129 
53 
135 
1 170 
166 
6 138 
3 84 
152 
152 57 
161 
138 
176 
53 
170 2 
0
1 58 
90 
132 
85 
155 
145 
170 
1 162 
3 135 
85 
154 3 
46 
132 
0
48 
70 
138 
80 
48 
66 1 
54 
67 
53 
1 85 
56 
155 
138 
1 152 
161 
53 
46 145 
102 
60 
150 
138 
144 2 
158 4 
145 
144 4 
158 
45 
3 50 
66 
58 
146 
85 
99 
66 
85 
161 
145 
58 
59 
154 
54 
170 
59 
62 
61 
61 
83 
60 
144 
154 
55 
56 
47 
0
50 
0
145 
150 
0
59 
144 
56 
166 3 
139 
58 
158 
59 
149 
149 
179 2 
170 
150 
48 2 
161 
52 
66 
102 
149 1 
0
63 
58 142 
161 
145 
0
61 142 
93 3 
152 
2 135 
1 154 
135 
162 
149 
166 
138 
51 
93 
55 1 
55 3 
52 
59 
166 
99 
63 
179 
166 
2 142 
5 62 
52 
149 
179 
1 162 
6 167 
90 
167 
152 
129 2 
2 63 
2 132 
67 
46 2 
54 50 
66 
69 
101 
60 
154 
61 8 
77 
56 
90 
90 2 
101 
162 
59 
158 2 
52 
155 
51 
135 4 
179 2 
149 
132 
0
102 4 
48 
3 146 
2 154 
166 
167 
138 
66 
161 
154 2 
150 3 
1 145 
61 
0
53 
154 1 
53 1 
55 
52 
69 
160 
154 
179 3 
0
51 
161 3 
179 5 
54 
132 
4 59 
1 51 
50 
179 
130 1 
154 
145 
0
43 
4 144 
1 48 
62 3 
149 
56 
57 
160 
85 
61 
155 3 
101 2 
62 2 
67 
152 
2 77 
48 
59 
63 
144 
155 
0
155 
154 1 
144 5 
166 
152 
149 2 
135 
161 
145 
0
154 
77 2 
167 
170 
62 
66 
2 80 
63 
0
146 
2 166 
161 2 
160 
48 
94 
150 
149 
144 2 
170 
55 6 
101 
92 
82 
161 11 
53 
77 
179 
154 6 
66 
132 
92 
162 
52 
152 
129 
0
161 129 
161 
1 48 
162 
2 142 
146 
90 2 
167 1 
158 
2 54 
149 
57 
99 
4 49 
179 1 
50 
146 
85 
55 
85 
58 
106 
54 
60 
48 
3 152 
55 
130 
135 
66 
60 
145 
162 
59 
3 62 
101 5 
48 
43 
101 
53 1 
62 4 
162 6 
47 
4 135 
53 
146 
63 
66 
2 150 
92 
56 
62 
62 
83 
82 
166 1 
150 
0
144 
51 
1 43 
152 
67 
67 
132 
149 
154 
59 
58 
94 1 
144 
53 
155 
2 61 
91 2 
152 
55 4 
149 
160 
1 138 
93 
90 
154 
0
176 
152 
142 
90 
135 
167 2 
0
167 
64 3 
130 
80 
93 1 
83 
179 5 
50 
62 
161 3 
62 
139 
149 
161 
55 3 
53 1 
6 99 
51 
138 
142 
55 
50 
62 
162 
1 99 
145 
2 62 
106 
62 1 
55 
167 
3 130 
145 
4 57 
59 
145 
145 
52 
3 99 
150 
179 
60 
150 
170 
138 
71 
132 
161 
60 
162 
154 1 
0
144 
1 150 
144 
3 60 
144 
149 3 
70 3 
1 40 
77 
62 
61 
67 
138 
160 
63 3 
161 129 
2 162 
170 
101 
145 
154 
69 
146 
170 
106 
54 
1 62 
138 
60 
150 
60 
145 
93 
67 3 
62 
93 
2 77 
61 
155 1 
167 
60 
154 
154 
59 
55 
70 
179 
91 
50 
161 
45 
161 3 
101 
150 
55 2 
145 
83 
85 
1 83 
154 
62 2 
152 
176 
92 
167 
139 2 
155 
154 
51 62 
67 
158 
40 
167 
145 7 
77 
77 
2 135 
47 3 
1 77 
130 
139 
149 1 
60 
94 
4 154 
102 1 
71 
48 
154 
132 
166 
167 2 
170 
94 3 
102 3 
94 
4 50 
144 
69 
167 2 
149 
91 
135 
154 
67 69 
158 
64 
58 
56 3 
66 
176 1 
59 
59 
62 
94 
62 
161 
3 61 
170 1 
63 
161 
82 
106 
129 85 
52 8 
145 
55 
53 1 
52 
152 
0
145 
170 
52 
0
60 
55 3 
62 106 
55 
135 
144 
90 
1 60 
4 170 
66 
57 
55 
54 
62 
138 
56 52 
166 1 
91 
2 47 
90 
179 
94 
67 
56 
129 
66 
61 
48 
92 
99 
83 
132 
94 
2 50 
144 
132 
84 
170 
130 
56 
62 
94 
62 
49 
53 
60 
158 
176 
59 
152 
149 
154 1 
161 
176 
0
53 
150 
179 
66 2 
138 
132 
158 
145 3 
130 
70 
2 160 
154 5 
135 
54 
56 
47 
47 
1 58 
162 
1 142 
52 
45 
62 
2 152 
45 
1 48 
2 138 
56 
67 
149 
145 
91 
94 6 
2 132 
152 
62 1 
61 
6 135 
142 
1 54 
155 
155 
91 
138 
91 
145 
149 1 
69 
4 179 
144 
132 80 
149 
85 
132 
52 4 
8 162 
129 
66 
6 94 
0
2 130 
130 
129 
129 
93 
166 
166 
47 
146 
1 85 
62 
61 
94 
161 10 
48 
154 5 
62 
138 
152 
155 
62 
0
160 3 
161 
142 
176 
0
154 4 
145 
1 146 
167 
52 
85 
0
145 
93 
83 
56 
58 
67 
3 92 
0
2 160 
3 170 
48 
176 2 
53 1 
49 
154 
145 
132 
47 
62 
152 
46 
106 
94 3 
149 
158 
144 
166 
8 60 
138 
132 
53 
1 45 
55 
155 
69 1 
48 
63 
135 
179 3 
83 
3 67 
60 
83 
3 80 
2 55 
54 
67 
135 
40 5 
2 82 
161 
84 
154 
130 
1 62 
149 
179 
149 1 
144 1 
90 
161 1 
61 
92 
135 
132 
59 
162 
132 
56 
55 
166 
8 60 
150 
67 
149 
84 
82 
61 
61 
0
63 
161 
60 
61 
56 
155 
53 
61 
60 
1 62 
144 
2 152 
142 
0
3 162 
3 85 
149 
53 
138 
2 80 
52 3 
152 
155 
80 
80 
67 
91 2 
48 
54 
0
170 
138 
132 
91 
2 66 
179 
154 
166 2 
54 1 
52 
160 
1 160 
2 144 
101 
132 
61 3 
77 
53 1 
67 2 
0
1 58 
129 3 
90 
67 
138 
176 1 
55 
56 
67 3 
2 145 
106 11 
155 
46 
3 106 
145 
53 
91 
138 
129 7 
138 
47 1 
135 
58 
53 
129 
179 160 
149 
142 
58 
155 3 
55 2 
50 2 
3 145 
146 
0
155 
176 1 
85 
62 1 
85 
1 152 
158 
154 
150 
54 
90 
135 
53 
154 
145 
152 2 
62 
145 2 
152 3 
1 154 
2 58 
48 3 
154 
167 
67 
150 
129 
129 
154 
135 
106 2 
144 2 
80 
155 
144 
63 2 
144 
144 
162 
158 
4 166 
56 
53 
149 
161 
150 
4 146 
60 
3 99 
155 2 
101 2 
155 
158 
0
161 
49 
144 
4 48 
106 
67 
101 
56 
150 
176 61 
144 
166 
150 
62 
47 2 
170 5 
40 
179 3 
66 2 
106 
62 
176 
4 129 
52 
62 
161 6 
145 
62 1 
149 
129 
170 
149 
179 
142 
85 
152 
150 
66 
61 
54 2 
71 
145 
4 52 
61 
52 3 
67 
144 
1 132 
1 146 
144 
53 1 
154 
0
142 
176 3 
155 1 
0
0
67 
166 
54 
149 
58 
85 
4 150 
160 
0
145 
160 
52 1 
60 
61 
62 4 
48 
145 
101 
61 
60 
83 
135 1 
154 
179 
166 66 
70 
61 
155 2 
166 6 
0
52 2 
1 170 
60 2 
61 
3 94 
62 
167 
66 4 
152 
145 
149 
58 
61 
135 
166 
91 
132 7 
142 
2 53 
0
152 
94 
5 145 
62 
66 
170 
155 57 
150 
71 102 
40 3 
132 
71 1 
152 1 
93 
67 
52 
179 
63 
150 
90 
0
2 132 
149 
158 
60 
93 
66 
149 
3 55 
152 
94 
132 
158 
161 
91 
135 
53 
135 
152 2 
144 
54 1 
61 
150 
62 
56 
161 
66 1 
138 
58 
154 
61 
132 
101 1 
1 132 
150 
63 
62 
84 
142 
67 
63 
132 
179 2 
85 
176 
77 
154 
106 
94 
48 
138 
62 
90 
102 
48 
3 152 
102 
132 
90 
2 48 
144 5 
62 
1 50 
54 
144 
179 
170 
162 3 
82 
94 3 
144 
4 99 
3 67 
1 130 
85 3 
61 
2 71 
142 
135 
1 145 
2 130 
167 
84 
152 
154 
0
62 
3 161 
166 
60 
4 162 
155 
161 
54 
77 7 
92 
67 
129 
179 
69 
62 
129 
130 
53 
135 
162 
160 
8 55 
170 
55 2 
135 3 
0
150 
3 84 
48 
63 
144 3 
64 
84 
53 
155 
1 60 
152 
54 
176 
2 154 
176 
152 3 
145 
135 
1 162 
62 
161 
179 2 
45 
170 
50 
62 
60 3 
154 2 
139 
154 4 
2 83 
67 
45 
52 
1 64 
166 
54 
45 
94 
139 
135 
166 
158 5 
53 145 
166 5 
3 67 
166 
47 
48 
62 
55 
63 
154 
162 
83 
2 145 
176 
54 101 
2 150 
139 
139 
51 
52 
4 154 
67 
1 54 
166 
60 3 
155 
52 
161 
55 152 
1 166 
142 
176 1 
176 
161 
46 
50 
59 
67 
129 
154 1 
154 
130 
56 3 
56 4 
60 
161 
61 
60 
94 
155 
50 
166 
144 
4 50 
77 
179 2 
132 
55 
40 51 
99 
92 
2 66 
54 
0
50 
154 2 
142 
161 
53 
2 92 
94 
150 
130 1 
1 145 
161 
161 3 
71 
129 
155 4 
99 
45 
61 
70 3 
106 
85 
102 
179 
48 
52 3 
53 
149 2 
142 
47 
60 
135 
129 
46 
152 2 
5 61 
2 135 
145 5 
152 
94 
67 
161 
161 
2 132 
4 66 
152 2 
179 
57 
166 
155 
2 94 
160 
0
154 
150 
101 
166 
135 
145 
67 
62 
0
67 
149 
155 
170 
154 
4 132 
93 
2 93 
56 62 
162 
3 144 
138 
55 
161 1 
170 
3 60 
55 
138 
179 
176 3 
145 3 
90 
40 1 
3 99 
154 
7 154 
176 
132 
56 1 
61 
3 145 
59 
52 
149 
161 
101 
82 1 
101 4 
129 
59 
93 4 
54 
55 3 
154 
53 
129 2 
63 
71 
61 
154 
166 
170 
92 
1 62 
58 
150 
161 
85 
166 
179 
99 
161 2 
146 
144 
152 2 
150 
142 
71 
90 
4 85 
149 
144 
102 
106 1 
144 6 
155 
61 
55 
53 
61 
66 
145 
154 
155 
85 
129 1 
1 135 
45 
135 
3 135 
58 
149 
51 
55 
102 
1 152 
61 
0
43 
55 
66 1 
61 
145 
144 
150 
2 66 
155 
43 
154 
84 
56 3 
1 138 
1 162 
85 
142 
154 
52 
69 
2 152 
176 2 
5 84 
161 
166 
93 
2 62 
132 2 
138 
1 60 
179 
162 
166 
56 
64 1 
94 
5 56 
0
60 1 
56 1 
90 
145 2 
82 
4 66 
145 
152 9 
179 
154 
85 
129 
55 
59 1 
155 
45 
150 
146 
52 
61 2 
67 
152 
1 90 
145 
101 
162 
61 
102 
149 1 
1 146 
149 
176 
2 62 
129 
91 
3 132 
146 
50 
8 62 
161 2 
62 
53 
135 
56 
135 
69 
2 66 
166 
149 
85 
152 
40 
52 
160 
55 2 
162 
155 
2 69 
152 
48 
55 
53 1 
59 
47 
176 
71 
94 
158 
94 
62 3 
152 
71 
167 
61 
2 138 
1 166 
152 
61 
160 
60 
80 
2 49 
2 61 
149 
63 
152 3 
161 
166 
67 
138 
161 
85 3 
154 
139 
54 
146 
5 90 
62 
102 
158 
167 
55 
53 
154 
0
50 
67 
1 90 
45 4 
170 
61 2 
167 
130 
179 
145 
4 166 
55 1 
1 67 
154 
1 146 
135 2 
60 
129 
161 1 
130 
144 
102 77 
47 1 
60 
55 
130 2 
146 
149 
83 
62 
129 
67 
0
152 
94 
62 
139 
146 
5 94 
150 
3 84 
146 
176 1 
3 99 
0
85 
149 1 
45 
176 
61 4 
66 
160 
67 145 
161 
63 
2 154 
166 
3 58 
99 
53 
1 170 
53 4 
139 
0
130 
70 
0
63 
102 2 
162 
60 
93 5 
166 2 
146 
61 
176 
84 
3 58 
70 
144 
85 
61 
132 
6 67 
94 
0
145 
2 139 
54 
176 2 
61 
83 1 
56 1 
102 
52 1 
5 166 
2 94 
62 
66 3 
142 
53 
155 
166 1 
51 
2 80 
154 5 
152 
176 4 
161 
155 
54 
152 
94 
1 129 
1 135 
45 
77 
2 145 
99 
66 
71 
67 
1 146 
179 
63 
4 58 
167 
53 
60 10 
2 154 
83 
62 
139 
91 
54 
55 
179 
0
149 
144 
150 
59 
54 48 
93 3 
102 
146 
2 145 
149 
150 
52 
145 4 
45 
82 2 
55 
150 
94 
1 69 
155 
59 
2 162 
179 1 
55 
51 
60 135 
85 
55 
146 
62 2 
60 
129 62 
154 
91 
83 
54 2 
2 51 
132 
57 132 
58 
59 
150 
61 
50 
150 
60 3 
135 
161 
92 
45 
91 5 
66 
132 
4 166 
154 3 
158 
94 
1 67 
167 
102 
5 54 
52 
160 
135 1 
150 
62 3 
150 
0
130 
3 132 
52 1 
154 
150 
53 
129 
161 
84 
158 
152 
50 1 
155 3 
161 
58 
152 
166 
47 3 
161 
94 
0
82 
60 
53 
130 
142 
61 
2 61 
46 
60 
130 
60 
56 4 
179 
2 146 
167 
154 
69 2 
160 
46 
2 48 
144 
90 
82 
70 1 
62 3 
62 
166 
144 
176 
48 
77 
62 
1 145 
0
0
179 
162 1 
130 
51 
132 
56 
91 
0
56 
139 
132 61 
52 4 
60 
58 
176 
57 
61 
149 2 
61 132 
149 
66 1 
149 7 
62 4 
2 80 
56 58 
55 
66 
2 50 
138 
144 62 
144 
158 1 
166 
158 
101 
2 162 
170 
55 
179 
58 
63 2 
146 
2 102 
166 
60 
152 
158 1 
51 
62 
150 
66 
167 
150 
102 
69 
150 3 
102 
176 
135 2 
8 94 
150 
4 62 
5 62 
155 1 
59 
66 2 
63 
179 
144 
3 150 
0
145 6 
5 166 
129 
52 3 
155 3 
71 
142 
61 5 
48 
132 
176 
154 1 
132 
146 
160 
61 2 
7 85 
93 
101 
149 
54 
1 170 
179 
144 
58 
138 
161 
3 170 
56 1 
62 
48 
60 
132 
63 10 
166 
161 2 
60 
154 
92 
2 83 
160 
150 
160 
1 142 
142 
0
154 
60 1 
176 
77 
40 
1 99 
43 
139 
132 
170 
145 
135 
0
0
149 
1 61 
162 
144 4 
1 66 
176 
94 
130 3 
91 
66 139 
91 
149 1 
54 
149 1 
166 
0
48 1 
152 
145 
154 
154 
61 
160 
150 
144 
154 
8 102 
149 
63 67 
150 1 
155 
82 1 
63 
142 
138 
144 
92 
61 
54 
162 
152 
144 2 
55 
7 62 
129 
56 
2 53 
50 
149 
166 
48 
162 10 
58 
0
2 52 
62 
162 
55 
166 6 
50 1 
62 
0
0
90 1 
0
94 
138 
160 
70 
145 2 
166 
142 
145 
55 
166 
179 3 
60 10 
152 
0
7 49 
145 
132 
52 
149 
152 
58 
61 
146 
5 55 
56 1 
166 
3 170 
58 
85 
61 
145 
53 
58 
55 
166 
55 
154 
102 
8 166 
48 
53 
149 
150 
149 
55 170 
66 
60 
66 
166 
1 132 
152 
85 
56 
66 
150 
56 
154 
162 
58 
2 53 
2 60 
83 
144 2 
129 
48 
152 
47 
56 2 
85 
62 
154 
161 6 
149 
170 1 
71 
2 85 
162 
92 
59 146 
99 
161 
2 130 
55 4 
176 
101 
160 
55 
62 
176 
139 
63 
56 
83 
139 5 
3 77 
62 
55 
150 
170 
0
132 
99 
63 5 
144 
58 
162 
58 
0
67 
53 
145 
56 
63 
139 2 
162 
52 2 
85 
62 
80 
82 
2 139 
1 82 
85 1 
60 2 
152 
60 
99 
3 52 
145 
166 
2 139 
152 
166 4 
55 
60 
161 
138 
56 
132 
49 
161 1 
170 
161 
56 
144 
53 
62 
0
162 
101 
71 
167 3 
62 4 
4 83 
63 
179 
66 
92 
62 
166 3 
1 150 
162 6 
161 2 
160 2 
166 
2 154 
132 
55 
154 
149 
61 6 
149 
167 
0
130 
179 
130 
179 
59 
52 
106 
161 
154 145 
101 2 
138 
132 
155 
158 
53 3 
144 3 
3 56 
160 2 
179 
3 60 
84 
91 
3 59 
59 150 
144 
56 67 
106 
69 
0
55 
152 
60 
161 2 
94 
77 
62 
138 2 
152 
166 
154 
85 
102 
48 
92 
62 
139 
47 
63 
64 
176 
60 1 
0
132 3 
54 
67 
1 179 
106 2 
154 
0
52 
60 
85 
145 
45 
145 
176 5 
146 
170 
54 
149 
0
92 
4 61 
67 
0
62 
51 
167 
0
106 
139 
142 
46 
161 
146 
138 
154 
60 
132 
154 
3 135 
55 1 
77 
84 
1 139 
52 
135 
61 
57 
145 
135 
94 
94 
166 1 
166 
154 4 
60 
61 
149 
48 
59 3 
132 
179 
53 
61 2 
161 
160 
166 
154 
135 
145 
2 145 
150 
3 52 
154 4 
2 67 
145 
5 48 
54 
2 47 
71 
162 
56 
67 
160 2 
0
91 
1 99 
144 
59 
154 
101 
1 135 
2 150 
4 142 
1 51 
144 
53 
154 
161 1 
3 146 
150 
52 
167 
64 
2 135 
144 
161 
66 
158 
135 
176 
160 
161 1 
0
67 
66 2 
77 
161 
67 1 
71 
83 
0
3 94 
3 61 
1 135 
99 
138 
60 
144 
53 1 
1 150 
77 
60 
46 
61 
145 
2 135 
82 
90 
77 
58 
132 
160 3 
142 
152 
2 82 
0
94 
55 2 
52 
57 
61 1 
1 55 
4 142 
67 
52 
70 1 
4 145 
132 
56 
2 139 
152 
2 130 
149 
106 
154 
53 
57 
93 
71 
154 
2 52 
158 
138 
91 
132 
176 
3 139 
145 
94 
1 150 
162 
4 62 
60 
166 
2 61 
155 
54 
3 93 
61 
144 
161 
170 
1 99 
1 176 
67 
4 71 
179 
46 2 
176 
149 
161 144 
150 
161 
82 
84 
150 
145 
166 
146 
2 50 
0
152 
82 
46 
77 
62 
93 3 
94 1 
154 
66 
158 
1 51 
92 
167 
0
62 
139 
6 49 
62 
135 
0
94 
66 94 
154 
145 
43 
154 
80 
62 
77 
50 
102 
155 
101 
59 2 
179 
63 3 
142 
53 
67 1 
99 
154 
52 7 
1 135 
4 138 
2 66 
167 
85 
61 
93 
70 2 
84 
59 
2 166 
1 59 
47 
161 4 
82 
170 
152 1 
4 55 
53 
135 
166 
85 
129 
58 
60 
67 
161 1 
63 
149 
176 2 
150 
144 
3 64 
40 5 
48 
161 
55 
85 
132 
1 145 
152 
0
152 
0
106 
170 
54 
2 145 
150 1 
55 
4 49 
152 
0
77 
94 
2 77 
58 
166 
170 
150 
53 
83 
167 
59 
69 
149 3 
155 1 
48 
94 
154 
101 3 
101 
52 
166 
61 
48 
93 58 
77 4 
144 
132 
57 
170 
60 
0
149 3 
62 
0
66 
150 
49 
40 1 
135 
55 
67 
160 
54 
132 
43 
57 
152 
135 
167 
54 1 
132 
62 1 
161 8 
150 
162 
62 
166 
150 
1 58 
59 
144 
93 
94 
130 51 
146 
55 
61 
62 
154 
62 
161 4 
66 
132 2 
60 
70 
93 2 
161 
102 
61 
139 
57 
179 
176 
52 
2 61 
59 3 
179 8 
166 
176 
3 56 
52 
170 
55 
51 
152 
132 
47 
166 1 
161 
4 150 
58 
67 
0
0
2 132 
167 
53 
162 
49 
166 
62 
62 
0
135 
3 170 
80 
66 
179 
52 
135 
80 
3 51 
154 
55 
66 
62 
61 
5 132 
60 
1 85 
167 
166 
2 61 
161 
3 101 
154 
55 2 
161 
3 45 
53 2 
63 
0
64 
63 
130 6 
158 
56 
149 
56 
132 
166 
55 3 
170 
58 
4 59 
132 
154 
135 
94 
83 
138 
154 
83 
60 
61 
1 146 
2 132 
93 2 
1 69 
77 
132 
2 166 
158 5 
59 
66 
55 
0
85 62 
161 
1 139 
1 135 
0
145 
82 
146 
166 
142 
2 49 
64 2 
101 
144 
166 
5 150 
2 152 
144 
3 52 
149 7 
2 142 
2 93 
3 161 
77 
150 
59 
145 
59 
2 132 
77 1 
64 
2 145 
129 
162 
4 150 
149 
61 
170 
144 
150 
170 
94 
60 
52 
166 
138 
154 
144 
67 
40 
158 
155 
1 52 
59 2 
54 
166 
53 
144 
160 
152 
90 
0
0
155 
152 3 
160 
154 1 
132 
50 
145 
145 
144 
152 5 
77 1 
166 
58 
179 
135 
5 59 
101 
0
0
150 
77 
4 62 
47 4 
158 1 
139 
59 
179 
61 
43 
150 2 
144 1 
61 
160 
161 
48 
158 
135 
146 
102 
2 102 
176 
43 
47 
53 
1 170 
62 
93 
162 
155 1 
1 145 
94 
130 
145 
132 
129 
135 
132 
154 
170 
145 
155 55 
101 
149 2 
1 170 
1 138 
166 
150 
0
63 5 
154 
179 3 
130 
154 1 
77 3 
161 
155 
77 2 
92 
56 
58 
166 1 
150 
61 3 
135 49 
2 154 
2 150 
146 
55 
48 
59 
135 
53 
3 50 
60 
101 
145 
0
58 
62 
53 2 
150 
138 
0
160 
54 2 
135 
106 
142 
149 
142 
99 
161 
154 
152 
152 
11 83 
154 
58 
144 3 
59 
166 
150 
145 
61 
0
150 
67 
132 
135 
60 
179 3 
48 
167 
48 
158 
45 
64 
61 
67 
59 
83 
61 150 
82 
161 
56 
135 
160 
94 
94 
93 
40 
2 84 
1 51 
154 6 
52 
55 
3 132 
2 92 
106 
92 
1 94 
45 
82 
77 132 
144 
139 
154 
52 
60 
5 132 
4 85 
160 
92 
85 
47 
139 
85 1 
129 
3 154 
154 
3 150 
93 
60 
4 56 
55 
161 
135 
150 
66 
0
61 2 
4 146 
144 
145 1 
102 
52 
155 3 
51 
43 
94 
91 
161 
55 
61 
154 
55 
161 
54 
144 
2 60 
55 3 
77 
63 
48 
152 
166 
160 
162 
161 
48 
154 2 
43 
2 52 
66 1 
62 
152 
4 77 
150 1 
60 4 
1 54 
102 
149 1 
62 
166 
1 150 
1 84 
161 1 
45 
77 
146 
56 
67 66 
162 
149 
0
62 
135 
1 51 
170 
61 
1 150 
47 
61 2 
161 2 
67 
49 
55 
94 3 
94 
55 
85 
40 
56 
9 167 
106 
48 
2 149 
135 2 
132 1 
64 
152 
130 
53 
179 
48 
1 135 
59 
52 60 
60 
161 
67 
48 
160 
1 92 
130 
167 
67 
45 
63 1 
155 
55 
77 
57 
3 62 
160 
179 2 
158 1 
161 
150 
93 3 
154 
161 
57 
62 
1 166 
161 
53 
101 
58 
60 
150 
132 1 
80 
80 
51 
61 
3 166 
55 
144 
63 1 
130 
45 
58 
166 
55 
1 61 
144 
160 
77 
179 
58 
60 
2 54 
52 
161 64 
0
155 
52 
150 
150 
161 1 
161 
146 
59 
155 
0
58 
85 4 
106 
6 160 
5 51 
160 
3 150 
80 
59 
150 
166 
132 
59 
56 
161 
150 
67 
154 
67 
61 
132 
51 
49 
101 
85 
69 
92 
92 
2 48 
149 
1 50 
67 
132 
77 
51 
3 149 
60 
53 
179 2 
166 1 
77 
69 
3 59 
54 
64 
155 
5 146 
48 
59 
1 51 
150 
176 1 
135 
2 67 
66 
43 
166 
144 
132 3 
155 1 
138 
149 
99 
146 
161 
82 4 
55 
66 
166 
93 
139 
94 
84 
144 
91 
94 
66 3 
62 
161 
3 61 
61 
46 
56 
93 
54 
52 
48 
56 
152 
63 
150 
1 45 
56 
1 150 
11 170 
62 
179 
139 
149 
2 146 
99 
56 
160 
60 1 
129 
47 
85 
144 
149 2 
54 
53 
91 
91 
162 
4 132 
154 
60 2 
150 
154 
135 
62 
145 
8 61 
54 
154 
166 
48 
62 
179 
66 
1 61 
101 
47 
66 4 
135 
83 
167 
58 
67 
179 
6 146 
58 
64 
85 6 
152 
66 5 
53 
2 170 
161 2 
60 
155 3 
166 
62 
161 
47 
99 
55 3 
154 2 
60 
62 
67 135 
1 152 
150 
154 
84 
53 
66 
61 
4 55 
7 162 
3 176 
139 
62 4 
1 154 
94 
1 144 
66 2 
50 
162 
54 
155 
135 
49 
58 
64 
56 150 
63 3 
176 
82 2 
43 1 
102 
61 
154 2 
0
144 
149 2 
55 1 
1 60 
166 11 
62 77 
179 
176 
145 
179 
132 
102 
152 
1 130 
155 
4 138 
150 
58 
52 
1 139 
161 1 
166 
54 2 
179 
135 
82 
145 
3 154 
99 
94 
146 
166 
63 
2 94 
61 
142 
135 
166 3 
154 
92 
1 66 
139 4 
61 
61 
94 
170 
1 139 
93 2 
0
55 
149 
155 1 
58 
94 
152 
1 170 
132 
99 
61 
106 6 
62 
162 
132 
158 
155 
51 
176 1 
58 
52 
49 
154 
63 
85 
179 94 
139 
90 
3 54 
55 
102 
67 2 
146 
142 
82 1 
146 
1 99 
160 
1 48 
54 
155 
66 2 
91 
66 
135 
0
57 
55 
160 
5 150 
144 2 
179 
90 
62 3 
70 
0
139 
142 
146 
132 1 
5 167 
154 2 
176 2 
130 
48 
132 6 
66 3 
52 
161 
2 146 
166 2 
144 
56 43 
94 
152 
70 
176 
99 
149 3 
170 
53 
2 166 
60 
106 
1 145 
55 3 
145 
60 
59 
67 
130 
53 
70 2 
47 
9 166 
4 142 
154 
94 
166 
92 
167 
155 
40 
176 
47 
59 
62 
54 3 
102 
54 
3 55 
59 
158 
166 
67 
61 
132 
167 
55 
130 
3 54 
46 
3 142 
149 
145 
149 3 
2 135 
62 2 
132 
55 
129 
0
80 
60 
0
66 
152 
48 6 
161 
66 
60 
55 
92 
144 
48 4 
50 
59 1 
179 
144 
158 
70 1 
62 
162 
161 
55 2 
40 
130 
170 
149 
101 
176 
48 
170 
150 
144 
67 1 
146 
85 
62 
102 
149 
84 
66 2 
62 
94 
154 
166 3 
138 
142 
158 
3 132 
52 47 
101 
154 
176 3 
59 2 
160 
132 
64 
144 
132 
150 
55 2 
0
142 
161 
155 
154 
0
61 2 
62 
0
61 
47 
135 
1 85 
166 
167 5 
3 150 
154 
48 
146 
144 
149 
129 
59 
162 1 
54 
66 2 
176 
2 57 
145 
62 
59 
94 
139 
0
152 
56 1 
170 
152 
45 
129 1 
154 
129 
142 
152 
60 
149 
145 
60 
56 
161 
132 
53 1 
152 
149 2 
69 
145 
0
0
132 
158 
139 58 
58 
138 
132 
77 
170 
94 
59 
53 1 
145 
135 
142 
53 
161 1 
142 
63 
130 
2 101 
70 
45 4 
129 2 
62 
49 
166 
3 135 
67 
0
154 
40 
176 4 
154 
77 
160 
53 
4 51 
144 2 
142 
61 3 
170 
2 138 
57 3 
149 
56 
1 84 
170 
4 152 
58 
48 3 
60 
54 
130 
53 
152 
132 
101 
94 
85 
170 
63 
70 
80 
132 
0
45 
77 
60 
166 
92 
48 
94 
62 
142 
166 
69 
83 
154 
155 
149 
59 
63 
71 3 
56 
61 1 
54 
138 
167 
154 
84 
155 
161 
53 
149 
176 
52 
1 150 
53 
166 
139 
52 
51 
92 
160 
144 1 
59 
135 
48 
43 
2 166 
160 
106 
0
54 
61 1 
154 
152 
130 
60 1 
150 
160 
60 
150 
161 3 
60 
154 
144 1 
60 
149 
176 
62 
61 
170 
144 3 
56 3 
2 170 
167 
170 
158 
54 
150 
166 
1 146 
61 
52 
170 
48 4 
166 
92 
154 3 
55 
48 
179 1 
161 
1 135 
90 
61 
99 
0
55 60 
154 1 
1 83 
55 
149 
62 
54 
62 
64 
53 
77 
61 
51 
166 1 
142 
167 
3 61 
154 
69 
154 
67 
48 
71 
0
149 
82 
3 99 
48 
176 154 
4 170 
158 4 
135 
4 59 
152 
167 
60 
0
60 
55 
62 
149 2 
146 
58 
48 
1 166 
56 
150 
56 
58 67 
60 
150 
49 
132 
82 
4 146 
63 
48 
0
54 
91 
62 
132 
145 
70 
58 
53 
138 
67 
2 60 
1 135 
77 
94 
176 
129 1 
3 62 
146 
62 
94 
62 3 
56 
154 
54 
47 
5 66 
167 
51 
53 
47 
138 
54 
0
1 150 
66 
3 154 
2 50 
2 80 
61 2 
158 
77 
135 
54 69 
52 
60 
167 
60 3 
144 1 
146 
146 
56 
144 
52 
154 
48 
85 
158 
58 
52 
170 
3 166 
160 3 
1 55 
52 
154 
60 
152 
63 
63 
77 
167 1 
77 
150 
53 
154 
179 
1 85 
154 
69 
50 
59 
60 
158 
0
160 
149 
144 
145 
150 3 
1 166 
59 
167 
3 150 
149 2 
176 
152 
139 
154 
93 
154 2 
64 
63 
132 3 
154 
139 2 
150 2 
2 67 
2 55 
6 92 
154 
166 
3 51 
2 99 
132 
64 
129 
82 
1 66 
59 
132 
57 
102 
54 
56 
94 
3 61 
154 
60 
61 
56 
55 
90 1 
152 
51 
60 
149 
101 
3 166 
132 
53 
130 3 
150 
1 179 
167 
135 
2 160 
4 92 
56 
82 
152 
92 
146 
1 58 
3 49 
67 2 
161 1 
59 
82 
149 
99 
82 
1 59 
150 
94 
58 
49 
155 
62 
144 
154 
162 
53 77 
0
154 
154 
1 66 
61 
167 
101 
92 
138 
59 
83 
1 69 
1 99 
48 2 
139 
146 
161 2 
53 
53 
154 
3 162 
154 
43 
91 
158 3 
90 
144 
129 
138 
54 2 
0
52 
4 85 
43 3 
132 
62 
150 
48 
144 11 
54 
3 154 
1 161 
132 
3 48 
149 
130 
60 
149 
63 
144 
92 
47 
144 
66 
52 
56 
1 154 
77 
54 
2 58 
1 132 
55 2 
82 
3 138 
60 
162 
59 
91 
139 
6 77 
52 
77 
94 3 
132 
67 
62 1 
1 50 
2 150 
130 
2 60 
166 
144 
50 
0
51 
90 
161 2 
1 154 
102 
57 
62 
150 
43 
56 
1 62 
0
93 
4 93 
150 
4 83 
2 144 
55 
90 
162 
7 170 
149 
149 66 
158 1 
135 1 
55 67 
56 
63 2 
80 
62 
162 
91 3 
92 
61 
66 
5 132 
52 3 
162 
154 
149 
85 3 
53 
93 
67 161 
167 
4 135 
149 1 
64 
106 
60 
2 67 
149 6 
69 2 
70 
77 
2 77 
152 
152 
0
54 1 
93 
1 48 
132 
101 
155 2 
91 
61 
158 
60 
58 
132 3 
85 6 
145 
2 132 
139 
158 8 
1 142 
1 144 
142 
144 
166 
52 
61 
132 3 
145 
48 
56 
55 
158 2 
54 1 
91 2 
154 
2 170 
51 
66 
150 
0
149 1 
139 
132 
154 
48 
102 
55 
53 
154 
176 
132 
2 132 
145 
167 
152 
71 
130 
43 3 
91 
139 
3 80 
1 55 
43 
145 
94 2 
170 
154 
48 
62 
138 
2 150 
47 
63 
82 
58 
4 60 
5 162 
0
62 
170 2 
55 
49 50 
154 
45 
93 1 
102 
93 4 
60 
158 
150 
62 2 
54 1 
166 
55 
135 
70 
64 2 
106 
166 
161 
142 
6 77 
145 
150 
1 85 
4 82 
47 
84 
106 
149 
91 1 
83 
85 
62 
77 
1 135 
61 
99 
129 
48 
45 3 
154 
50 
167 1 
64 
161 
92 
54 
2 142 
47 
106 
54 
56 
63 
2 84 
2 62 
4 167 
149 3 
50 
154 
67 
145 
1 52 
135 
90 1 
167 
45 
5 85 
77 
94 
142 
0
144 
48 2 
149 1 
99 
155 
47 
152 
154 1 
40 3 
149 
40 
129 4 
130 
60 
179 1 
77 
63 1 
5 62 
152 
1 48 
67 
0
179 1 
53 50 
144 1 
155 
1 166 
2 80 
0
167 
0
58 
46 6 
2 152 
84 
61 1 
132 
61 
2 132 
102 4 
51 
1 61 
150 
3 59 
3 51 
135 
166 
91 5 
62 1 
60 3 
62 
158 
155 
146 
2 57 
155 
102 
146 
85 
94 
176 
58 
170 
53 
150 
56 1 
129 3 
145 
154 
91 
99 
135 
60 
84 
57 
145 
2 55 
55 
170 
145 1 
82 
50 
47 
61 
46 
2 152 
154 
62 4 
149 
154 
1 54 
63 
152 
1 162 
0
161 
93 2 
99 
0
176 
144 1 
149 
150 
56 
61 2 
167 
152 
4 80 
149 1 
161 
176 
129 57 
66 
101 2 
158 
154 
139 
176 
67 
135 
55 
154 
94 
152 
154 
85 
54 
145 
53 
152 2 
3 146 
155 
144 
145 
145 
102 2 
52 
2 94 
2 135 
59 
129 2 
152 4 
139 
170 
176 
56 
0
179 
1 166 
58 
179 
52 3 
60 
2 82 
132 
3 166 
62 
48 
2 56 
146 
67 
62 
154 1 
102 
158 3 
162 
0
59 
167 
85 
0
176 
161 
144 
3 138 
162 
170 
2 135 
166 3 
90 
152 
152 
85 
66 
53 2 
132 
60 3 
176 
80 
91 
154 
102 
61 
135 
154 
66 
69 
93 3 
176 
48 
85 
80 
56 
176 
145 
150 
62 
149 
106 
170 
54 
51 
145 
132 
4 60 
71 
83 
4 58 
80 
150 
150 
145 
58 
162 
139 
67 
167 
62 2 
132 
4 129 
45 
71 
2 167 
56 
145 
90 6 
82 
135 
132 
144 3 
63 
3 146 
3 67 
176 
132 2 
145 
135 3 
85 
45 3 
154 
58 
106 
161 
61 
161 1 
84 
60 
60 
130 77 
58 
160 
60 
135 
152 
84 
158 3 
4 56 
53 
145 
150 
63 
179 
11 52 
56 
145 
132 
160 
161 2 
2 59 
161 3 
162 
150 
0
54 
138 160 
154 2 
94 
2 66 
80 
145 2 
135 
92 
47 
0
66 
58 
4 142 
139 
82 
62 
4 84 
154 
85 
2 142 
155 
54 2 
91 
52 
4 166 
85 
158 1 
150 
101 6 
0
154 
152 
52 
142 
70 
176 
62 
63 
142 
2 138 
130 
1 84 
1 45 
48 
154 
62 1 
146 
149 
67 
0
142 
1 139 
144 
51 
161 
130 
101 
170 
135 
62 
161 
47 
92 
40 
63 1 
58 
63 
155 
167 
149 4 
102 
2 48 
101 
94 
63 
106 
176 3 
176 
64 
145 
132 
135 
62 
2 170 
155 
154 
66 
101 
162 
49 
56 
62 
130 
129 4 
61 
135 
149 
66 
58 
132 
0
3 90 
129 
2 139 
144 
91 
152 1 
83 
2 83 
61 
0
158 2 
0
176 
161 1 
69 
47 
139 
161 
93 
50 
179 2 
55 
60 
66 4 
47 
2 83 
155 
106 
2 132 
154 
5 92 
170 
139 
69 
142 
71 
179 2 
145 
145 
154 3 
52 
1 52 
161 
1 61 
146 
152 
154 
85 
179 3 
43 
48 
166 
51 
59 
51 
1 152 
56 
155 6 
45 
2 77 
82 
61 
54 
60 
1 167 
48 
1 47 
150 
62 
161 3 
55 
61 
54 2 
150 
90 
5 154 
0
55 
61 
135 
52 
152 
61 
91 1 
60 
52 
92 
0
93 
85 
152 
64 
176 
161 3 
166 
161 
55 
58 1 
106 
0
60 
91 1 
161 
61 
57 1 
4 150 
77 
83 
58 
54 
82 2 
2 176 
150 
62 2 
56 
54 
3 167 
82 
94 
60 
56 
60 1 
158 
63 1 
53 
64 
62 2 
62 2 
152 
179 
52 
179 
167 
158 2 
149 8 
3 145 
150 
154 
80 
179 
161 3 
1 48 
55 
135 
176 
59 
4 70 
149 
135 
4 45 
161 
167 1 
67 
145 
161 
135 
150 2 
63 1 
77 
2 132 
149 5 
54 
61 
71 1 
3 162 
62 3 
106 
146 
142 
4 54 
150 
52 
0
56 
145 
53 1 
85 
53 
67 
54 
179 
59 
144 
154 150 
1 48 
94 
132 
52 55 
57 
0
2 57 
145 
132 
166 
154 135 
150 
0
61 
55 5 
154 2 
1 99 
138 
77 
2 170 
130 
101 
132 
0
45 
4 150 
155 
60 
62 
92 
2 94 
144 
90 
158 
83 
61 
93 1 
63 
3 160 
154 
149 
176 2 
61 
144 6 
56 
139 
102 1 
85 2 
47 
54 
145 
94 
90 
129 
93 
144 3 
62 
150 
46 
138 
0
62 3 
149 
3 59 
56 2 
161 
83 10 
149 
62 
4 60 
160 
50 160 
179 4 
67 
62 1 
149 
45 
154 
48 
135 2 
55 
51 
60 1 
138 
144 
0
145 
1 55 
166 
150 
90 
158 5 
0
130 
0
59 
61 
158 
94 2 
161 
80 
102 2 
94 
132 2 
51 
48 
63 
54 
142 
166 
176 
102 
54 1 
2 55 
49 
158 
66 
59 
61 
60 
149 
155 3 
132 3 
62 
85 3 
158 2 
130 
160 1 
150 3 
135 
83 
179 1 
2 129 
62 
135 
66 
145 
170 
158 3 
166 
2 152 
80 
161 
60 
146 
61 
5 50 
61 
59 
102 
179 3 
62 
53 2 
60 
1 162 
53 
155 
90 
149 
132 
150 
139 
162 
70 3 
56 
2 145 
145 
130 4 
69 3 
63 1 
132 
166 
0
53 
50 
102 
0
155 
54 
61 
167 
47 
161 
2 150 
0
53 90 
139 1 
94 
139 
146 
167 3 
60 5 
167 
77 
150 
162 1 
154 
61 1 
144 
144 
93 
152 
149 
0
51 
53 1 
56 
142 
176 
170 
162 
161 
179 
160 
77 
154 
160 
2 150 
58 
0
2 80 
102 2 
138 
90 
144 2 
84 
66 
62 
150 
90 45 
179 
60 
63 
176 
150 
62 
61 
3 130 
62 
55 2 
149 1 
82 1 
51 
144 
166 
138 
1 152 
2 166 
155 1 
54 
146 
93 
52 
162 
142 
62 
48 2 
59 1 
5 59 
106 4 
99 
51 
161 
71 2 
56 
129 
1 130 
161 
154 
85 
132 
145 
77 
176 
2 66 
80 
91 
149 
47 1 
46 
71 2 
85 2 
60 
145 2 
160 
85 
90 
132 2 
52 
179 4 
1 130 
154 1 
152 
1 85 
2 64 
99 
85 
144 
1 92 
99 
2 160 
144 2 
1 55 
99 
158 1 
63 
142 
62 
138 
53 1 
166 
135 
62 
61 
152 
48 
149 3 
66 
138 
62 
54 3 
61 
57 
94 
2 85 
80 
144 
161 59 
154 
161 
149 
46 
53 
53 
139 
1 84 
149 
106 5 
53 
150 
145 
1 150 
144 
144 
176 
61 
50 
66 
152 
1 152 
60 
179 
179 
59 
60 5 
45 
145 
176 
56 
161 1 
129 
56 1 
2 45 
62 
154 
130 
0
60 
170 
161 
1 146 
53 3 
145 
63 
54 
132 
135 
45 
82 
55 
154 
66 
158 
166 
102 
64 
149 2 
161 
158 4 
61 
160 
170 
150 
149 166 
145 
102 
2 67 
2 167 
56 1 
166 
52 
155 2 
167 47 
60 
101 
61 
158 
66 
4 56 
83 10 
154 
144 
149 
154 
3 166 
49 
58 
152 
60 
58 
4 58 
167 
55 2 
48 
66 
61 
138 
154 
54 
149 
154 
3 62 
49 
161 
60 1 
132 
158 
59 167 
60 
161 3 
154 
46 
149 1 
106 
55 
166 
69 4 
4 47 
67 
55 
144 
149 
45 
1 85 
48 
51 
155 
47 4 
154 
179 
170 
129 
61 
94 
67 
179 1 
161 
152 
59 
0
144 
179 
145 
161 
139 
60 11 
158 
61 
3 167 
149 2 
129 
101 
70 1 
1 45 
161 
135 
53 
160 
52 
58 
154 
179 2 
155 
162 
92 
66 
144 
67 
50 
158 2 
66 
1 55 
43 2 
150 
52 
77 1 
55 
56 
56 
161 
70 2 
70 2 
149 
69 4 
53 
2 152 
52 2 
135 
55 152 
139 
77 
5 60 
85 
179 
82 
130 
2 146 
5 62 
154 
152 
54 3 
55 
150 132 
138 
83 
2 142 
135 
80 
94 
150 
3 135 
62 
135 
161 
160 
48 
56 1 
160 
166 1 
130 
161 1 
142 
93 64 
61 
150 
106 6 
56 
2 170 
84 
59 
158 2 
144 
1 146 
90 
155 4 
84 
55 
2 144 
144 
61 
132 
149 2 
3 152 
56 
54 
154 
144 
63 
50 
160 
1 69 
152 
162 
102 
176 1 
1 150 
62 
166 3 
50 
158 
144 2 
179 
158 
3 149 
90 
56 
1 62 
67 
60 
154 
162 
145 
132 
101 2 
176 
170 
161 
132 
146 
2 94 
152 
48 4 
0
5 59 
150 
138 56 
83 
145 
4 130 
90 4 
51 
1 55 
152 
149 
142 
138 5 
59 2 
0
1 135 
63 1 
170 
60 
167 
129 
101 
152 
161 
152 4 
132 
48 
2 152 
144 2 
146 
62 
99 
83 
3 62 
135 
55 
85 
146 
161 
155 3 
139 
3 84 
66 
3 58 
145 
144 
106 
91 
135 
149 
1 52 
58 2 
62 4 
57 
132 
152 
158 
179 
166 
106 
94 
62 
85 
40 2 
62 
94 
162 
170 
149 
1 77 
166 
77 
129 
129 3 
160 
62 
152 
106 
149 2 
152 
145 
85 2 
158 
160 3 
152 1 
94 
77 
154 54 
2 82 
99 
154 
66 
6 166 
154 
152 
167 2 
56 
84 
61 
67 
106 2 
93 3 
144 2 
0
132 
64 
162 
135 
58 
0
2 142 
71 
154 
154 
129 
166 4 
67 
4 62 
146 
162 
154 1 
139 
166 4 
155 
149 
48 
61 
142 
0
66 
102 
62 
0
2 150 
52 
154 
135 
0
152 3 
1 49 
77 
160 
162 
55 
52 
149 
161 
60 
60 3 
149 
56 
45 
132 
2 129 
66 
55 8 
135 
0
3 139 
3 61 
161 2 
130 
135 
145 
2 132 
2 66 
0
54 
2 150 
158 1 
60 
47 1 
149 
154 
138 
129 3 
63 
149 
77 
1 47 
167 2 
56 1 
2 142 
152 
161 
45 
52 
54 
176 
0
56 
162 
145 
142 
93 
102 
52 
144 
144 
132 
152 1 
91 2 
152 
62 
102 4 
129 1 
146 
170 
67 
154 
135 
51 
138 
94 
167 1 
135 
2 84 
162 
57 
149 
92 
102 
1 51 
176 2 
0
162 
129 
101 
160 2 
48 
92 
160 
56 
61 
149 
5 58 
139 
67 1 
0
90 2 
158 
101 
138 
58 
132 
80 
84 
55 
62 
91 
167 
129 1 
161 
170 
55 
58 
101 3 
0
166 
155 
146 
40 
77 
152 
61 3 
155 
62 
94 58 
61 
154 
152 
132 
52 3 
61 
176 1 
3 170 
52 3 
69 
55 
154 
0
53 
3 145 
1 146 
92 
54 
1 94 
101 
70 2 
154 
4 152 
4 138 
1 154 
166 
91 1 
158 
154 
162 
6 166 
84 
60 
155 
84 
152 1 
80 
154 
94 
48 2 
161 1 
132 
160 
150 
160 
55 
167 
63 1 
55 
4 92 
170 
135 3 
161 
129 6 
152 
130 
102 
154 
47 
94 
144 
80 
53 
152 
60 2 
61 
55 
0
51 145 
154 
2 152 
55 
4 67 
167 
154 2 
58 
155 1 
5 77 
43 
47 
160 3 
59 
160 
135 
129 
154 1 
67 
155 
67 
54 
132 
1 77 
6 85 
102 3 
152 
2 70 
4 58 
154 2 
179 
149 
82 4 
149 
149 
77 146 
2 80 
94 
62 2 
154 1 
55 1 
56 
64 150 
138 2 
144 
170 3 
94 
150 
161 
2 167 
56 2 
132 
145 
154 
77 
0
55 
138 
70 
142 
61 
66 3 
53 
166 1 
167 
55 
40 162 
67 
2 145 
46 166 
4 162 
160 
53 5 
90 4 
91 
60 
0
106 2 
51 
61 
170 
166 
59 2 
2 106 
149 
161 
3 106 
2 52 
176 
132 
150 
158 
152 
66 
55 
62 
149 1 
152 2 
55 
145 
3 66 
60 
161 2 
145 
56 
59 2 
144 
61 1 
62 
144 
166 
54 
129 
67 
57 1 
1 130 
142 
55 
144 
52 
85 
49 
3 170 
48 
63 
92 
162 
82 
83 
52 
66 
101 2 
56 138 
51 
1 77 
94 1 
155 
99 
154 
0
145 
3 150 
162 
149 
129 
6 167 
58 
154 
167 
162 
154 
92 
49 
3 132 
2 80 
0
149 
135 3 
144 
59 
46 
160 
166 
160 
161 
56 
158 
52 
179 2 
144 
64 
1 144 
63 
2 162 
85 
55 
58 
60 3 
149 
59 
60 3 
1 102 
167 
70 
2 145 
8 83 
155 
132 1 
158 
154 
0
4 60 
94 
58 
149 2 
154 
145 
150 
166 5 
135 2 
60 
3 166 
132 3 
152 1 
61 
149 3 
94 
50 
2 130 
161 
56 
0
166 
1 48 
48 1 
47 
167 
176 
101 
56 
162 
51 
166 
167 
4 61 
91 1 
3 176 
99 
170 
61 
54 
129 
1 47 
166 
52 
4 162 
2 54 
54 
55 1 
161 
150 1 
2 94 
152 
56 
47 
144 
150 
1 62 
132 
149 
166 
48 
150 
101 1 
106 
154 
138 
1 155 
3 48 
93 
129 
51 
77 
154 
154 
150 
62 
0
158 1 
145 
152 
84 
57 
145 1 
146 
84 
1 145 
166 4 
8 80 
82 
4 160 
145 
60 
102 
135 
0
52 3 
166 5 
91 
58 
142 
49 
6 77 
154 
45 2 
138 
161 3 
77 
57 
59 2 
4 56 
161 
166 
59 
94 
61 8 
64 2 
62 
138 
158 
166 
4 60 
154 
56 1 
61 
2 48 
179 
155 
154 
82 1 
166 
138 
91 61 
0
152 
83 6 
1 167 
176 5 
146 
150 
154 
3 77 
52 3 
67 
154 
48 
3 135 
146 
53 
3 145 
152 
71 3 
60 
166 
154 
144 
135 
3 64 
55 
55 
63 2 
155 1 
93 
145 
145 
160 
0
60 3 
142 
160 
57 
145 
135 
83 
167 
55 
60 
80 
59 
93 2 
71 
152 
1 139 
4 85 
56 4 
54 
67 
70 
155 
160 3 
93 
176 
152 1 
66 
102 
48 
2 59 
52 
138 
144 2 
93 
179 
154 2 
1 56 
160 2 
161 
50 
94 
132 
144 
135 
102 
66 
139 2 
83 
43 62 
145 
94 
0
152 
61 3 
155 3 
162 
145 
149 1 
62 
47 
94 
129 1 
53 4 
145 
3 150 
101 
145 
179 
85 
0
56 
3 62 
166 
61 
40 
176 1 
55 
149 
132 
2 101 
132 
57 
0
166 
60 
55 
67 
176 
53 
144 4 
46 3 
45 
61 
60 
52 
71 
56 
152 
146 
66 
58 
135 
56 
149 1 
0
154 
63 
71 
149 2 
167 
135 
62 
144 
56 1 
63 3 
149 
59 
0
4 166 
77 
1 99 
135 
170 
62 1 
158 
3 51 
46 53 
60 
71 3 
166 2 
132 
66 
92 
0
48 
146 
161 
62 
144 3 
170 2 
53 
60 
55 1 
3 58 
176 
2 58 
52 
46 
167 
48 
160 
170 
162 
149 
67 1 
7 150 
154 
55 
158 
160 
56 
67 
62 
52 
2 132 
166 
145 
166 
3 66 
102 
166 
2 62 
135 
161 
53 139 
60 
52 
1 139 
55 
71 
43 
155 
176 
40 
106 
0
69 1 
106 
55 
56 
170 
154 
170 
62 
3 132 
55 
106 
145 
166 
144 
62 
160 
56 
144 
61 
135 
61 
154 
3 61 
0
85 
51 
1 52 
92 
50 
145 
70 
85 
77 
2 45 
150 
0
61 
46 5 
56 
161 
158 
1 61 
0
101 
145 
54 
135 1 
1 84 
150 
154 4 
77 1 
50 
55 3 
167 3 
158 
45 
52 
60 
138 
90 
66 
93 
62 
161 4 
152 
62 
48 
1 155 
166 
129 
60 
53 2 
130 
161 
85 2 
154 
54 
145 
152 
3 154 
1 50 
160 
84 
179 
94 67 
55 3 
139 
3 154 
1 166 
161 
176 
61 2 
154 1 
3 162 
67 
139 
0
2 135 
179 2 
52 2 
66 
84 
83 
55 2 
62 
55 
166 
167 
154 
47 1 
55 
160 
66 
55 
152 
0
150 
63 
0
85 1 
166 
176 
176 
90 
61 1 
149 
0
144 6 
1 106 
62 
84 
138 
51 
154 
158 170 
144 55 
8 67 
70 
161 
0
154 
47 
160 
67 
144 3 
162 
5 154 
59 
162 
61 
158 
150 
138 
1 99 
64 
61 
46 
2 150 
66 
60 
53 5 
139 
161 
139 3 
152 
150 
59 132 
66 
176 2 
149 2 
161 
49 
152 1 
2 132 
1 57 
161 
59 
170 
90 
167 
170 
135 
56 4 
66 
179 
67 
56 
69 
149 
84 
0
0
0
155 
150 
135 92 
102 
167 
0
145 
154 
0
6 145 
155 
49 
63 1 
166 
138 
85 
144 
48 
56 
63 
85 
150 142 
149 2 
61 2 
50 
58 
55 3 
54 1 
2 82 
58 
149 
139 
0
150 
51 
142 
152 
49 
56 
162 
54 
62 
2 60 
70 
66 
52 135 
142 
3 152 
166 
1 71 
132 
146 
94 3 
77 
146 
1 142 
58 5 
149 
62 
179 
158 
1 146 
130 
53 2 
93 
146 
135 
176 
71 
154 
154 
149 
160 
152 
132 
179 
166 
82 1 
0
106 5 
135 
144 
62 
154 154 
67 
154 
154 
167 
161 
144 
77 
69 
138 
139 
132 
155 2 
61 
66 
0
94 
170 
150 
129 
145 2 
161 
135 
62 
142 
150 
161 
85 4 
6 99 
45 
158 
167 
64 
160 
46 
52 
51 
145 
150 
50 
56 
106 3 
94 
59 2 
1 80 
158 
56 
145 
132 
61 
1 57 
50 
66 
0
53 
144 1 
62 
160 
77 
152 1 
152 
158 
43 
129 2 
83 
166 3 
2 135 
0
154 
179 
66 
152 
160 
40 
129 
62 1 
135 
2 61 
135 
150 
150 
66 
58 
5 85 
0
69 
176 3 
2 45 
60 
82 
166 
176 
166 6 
161 
167 
60 3 
155 
1 48 
59 
94 
166 
69 
102 
94 167 
145 
62 
170 4 
152 
77 
129 3 
66 
3 150 
66 
63 
170 2 
162 
54 
135 
0
51 
60 10 
2 52 
77 
144 
55 
161 
152 
145 
146 
54 
135 
138 
0
1 160 
154 
54 2 
101 
4 162 
43 3 
2 162 
61 
85 
150 
1 138 
53 
106 3 
1 150 
84 
55 
62 
4 145 
67 
135 
1 167 
62 
1 67 
60 
0
130 
4 83 
60 
60 
135 
61 
52 1 
179 
1 167 
0
64 
11 154 
53 
0
150 
55 
170 
62 1 
130 
5 61 
55 
167 
85 
149 
62 
150 
167 2 
1 66 
144 1 
52 4 
61 2 
66 1 
149 
1 135 
2 170 
166 
161 
135 
92 
99 
176 
67 
48 
145 
6 166 
149 
154 
130 1 
161 
149 
167 
85 6 
176 
176 
