47 
186 
150 
177 
169 3 
205 
3 68 
3 143 
57 
0
64 
6 147 
65 1 
96 165 
186 2 
136 
165 
72 
68 
0
177 
147 
155 
183 
52 
2 79 
153 
100 
177 2 
68 
166 
136 
79 2 
121 3 
70 
59 
1 161 
140 
155 
75 1 
2 49 
66 
63 4 
166 
119 
169 2 
177 
47 
147 
103 
61 
2 177 
180 
66 
47 
42 
177 
155 
186 
0
1 59 
52 1 
103 
147 
168 
176 
35 96 
171 
66 1 
133 
2 106 
56 
4 158 
166 
136 
59 
76 2 
176 
133 
66 
78 
143 
43 3 
78 
92 
133 1 
117 
205 
2 47 
75 
58 
140 
141 4 
108 4 
127 1 
43 
49 
161 
60 1 
105 
56 
96 
166 
76 
84 
65 
1 177 
155 
175 
49 4 
180 
89 
66 
0
168 1 
166 3 
58 
147 
43 
65 
127 
60 
3 56 
63 
59 
50 
60 
52 2 
108 
73 
141 
153 
2 66 
1 106 
51 
64 
1 177 
158 
116 
136 
205 
135 
171 
47 
58 
179 
73 
92 
50 
3 106 
60 
179 
127 
205 6 
153 
103 
165 
0
79 
35 
84 
61 
49 
147 
57 
56 
46 1 
116 
89 
1 66 
72 
2 116 
143 
0
1 166 
127 
51 
161 
186 
153 
133 2 
1 158 
58 
63 
177 
176 
140 
8 82 
77 
72 
50 
133 
89 
117 
70 3 
48 
1 64 
123 59 
108 
133 2 
133 
133 4 
121 
92 
51 
143 
68 
59 
59 
116 
169 
2 57 
76 6 
39 
46 
143 
165 
66 
179 
43 
59 
105 
1 96 
65 2 
84 2 
57 
0
119 3 
140 5 
147 
65 1 
141 1 
3 63 
175 
66 
133 2 
35 3 
77 
63 
136 1 
2 176 
47 2 
10 105 
166 
116 
78 4 
147 
51 2 
2 186 
79 
75 1 
100 
2 143 
96 
1 70 
1 158 
205 
143 
61 1 
2 52 
179 
158 
42 
89 1 
123 3 
175 
1 49 
141 6 
2 58 
56 
143 
0
58 
150 3 
116 
78 1 
169 
89 
153 
56 
105 
5 59 
89 
150 1 
121 
153 
50 
169 
0
168 
89 
50 3 
3 135 
100 2 
183 
42 
78 3 
47 
42 
158 
65 
155 
46 
117 
77 
0
49 
52 
77 
75 
92 
75 
136 
183 
135 
143 
75 
177 
140 
35 65 
82 
166 
117 
2 92 
0
140 
150 1 
56 
59 
46 
60 
127 
56 
77 
3 66 
60 2 
100 
3 63 
169 
119 3 
1 165 
119 
169 2 
168 
72 
61 
3 177 
49 
89 
50 
103 
72 1 
1 140 
147 4 
68 
59 
58 
42 
89 
56 2 
51 
49 
4 161 
73 
3 140 
180 123 
176 
43 
136 3 
175 4 
3 186 
43 
3 166 
63 
3 123 
68 
183 5 
117 
117 
52 
66 2 
89 
51 
72 
58 
70 
176 
176 4 
177 63 
58 
51 
68 
63 
141 
69 
3 161 
103 
127 
176 
60 
82 
63 3 
183 
48 
169 3 
180 
123 
186 
108 
186 
106 
56 
89 
49 
0
89 3 
183 
116 3 
52 
1 119 
1 117 
2 52 
3 180 
79 
155 
117 3 
133 2 
136 
75 4 
2 56 
56 
177 
61 
60 1 
168 
96 
43 2 
116 
53 
165 
168 1 
123 
84 
143 
150 
72 
66 2 
2 62 
205 7 
68 2 
177 
0
166 
147 
56 
171 
186 
150 3 
68 
0
89 
169 1 
77 5 
179 
2 176 
119 147 
0
56 3 
147 
4 53 
155 
1 179 
168 
42 4 
108 
60 
53 
3 51 
183 
186 
179 4 
2 68 
2 141 
44 
165 
105 1 
1 48 
186 
6 57 
10 43 
171 
52 
6 158 
2 140 
153 1 
69 
136 
1 177 
51 2 
2 116 
123 
121 3 
2 180 
3 57 
127 10 
133 
153 
121 
96 
127 2 
0
161 
153 
0
52 8 
0
65 2 
59 
133 
140 
177 
44 
141 
161 
75 
58 2 
177 
63 
105 3 
176 4 
186 
65 
4 92 
50 2 
78 
205 
63 
70 1 
57 
58 
60 1 
0
70 1 
52 
2 161 
179 
56 
177 
158 
205 
46 177 
56 1 
116 2 
1 57 
3 65 
70 
119 
51 1 
121 
169 
180 3 
0
72 
50 
205 
133 10 
3 58 
168 51 
66 
60 
3 175 
116 
60 
205 
72 
150 2 
75 
58 10 
78 
100 
179 
1 72 
183 1 
58 1 
177 
63 
123 
2 63 
3 58 
171 
136 143 
1 43 
50 
205 
166 
169 2 
44 
1 165 
39 
4 165 
60 
133 
161 
66 
66 
0
57 
133 2 
46 1 
56 
75 
66 1 
158 
3 166 
72 
180 4 
53 
0
62 4 
135 
161 
153 
4 166 
49 
205 
183 
70 
76 
141 
3 52 
47 
179 
205 
53 
171 
6 65 
176 
186 
140 
84 
123 
2 166 
61 
177 
150 
177 1 
52 
177 
106 
58 
169 
176 1 
2 70 
100 2 
78 
3 180 
68 
135 
119 
0
49 
123 
183 
121 
2 140 
60 5 
103 
123 3 
0
72 
141 
51 1 
69 
51 
176 
70 
79 
6 165 
1 136 
79 
59 
1 72 
135 
2 100 
121 1 
0
140 1 
1 135 
135 
2 63 
65 
177 
175 
1 56 
1 169 
140 
52 
77 3 
158 
51 
171 
62 
84 
42 
1 64 
143 
49 4 
66 
52 
62 
49 
89 
143 
2 143 
56 
1 143 
153 
133 
59 4 
50 
89 
75 
119 
5 66 
141 3 
0
72 
61 
47 
1 69 
1 140 
116 
135 
47 
82 
1 79 
140 
73 
123 
103 
177 
58 
161 
66 
82 
179 
1 177 
136 
177 
0
89 
49 
63 5 
155 7 
61 
60 
82 
103 
82 
1 96 
69 
165 
46 
84 3 
116 
153 
60 
3 121 
177 
0
84 
127 2 
73 
56 
150 
105 
180 
150 
141 3 
3 117 
1 49 
56 3 
72 
39 
158 
77 
166 
155 
73 
1 175 
1 108 
0
165 
177 
133 
4 75 
89 
177 
179 
106 
43 
73 
77 8 
35 
47 3 
59 
4 106 
179 
2 179 
117 
141 2 
2 177 
51 
78 2 
68 
141 
116 
169 
169 
48 
143 
133 
133 
47 
53 
4 143 
75 
63 
59 
51 
10 143 
2 59 
176 
127 
177 
133 
3 155 
176 
84 2 
165 
51 
73 1 
63 
205 3 
78 
147 
58 
62 
63 
89 
56 2 
169 
49 
177 
50 
175 
186 
133 
169 
42 
57 8 
2 49 
58 
2 166 
153 
0
4 127 
35 
186 
52 
205 4 
177 1 
150 
0
158 
171 
3 105 
46 
0
89 44 
1 60 
105 
89 2 
136 
123 
177 
56 
116 
155 
46 
77 
0
176 
3 66 
180 
49 
2 116 
49 
2 79 
1 147 
82 
153 
63 3 
169 2 
65 
119 
49 
133 
140 
183 
205 8 
155 
176 
52 
63 
3 51 
70 
140 
123 
63 
61 5 
180 
89 
63 
2 165 
1 60 
1 49 
42 
92 
49 
52 
2 140 
4 175 
78 
169 
59 4 
3 117 
133 
150 
179 
46 
147 
183 
3 64 
50 
183 4 
123 
127 
2 69 
73 
43 
57 
106 
175 
82 
135 
205 
89 
89 
89 
1 116 
66 
123 
8 49 
165 
56 2 
1 116 
65 3 
116 
3 50 
140 
76 1 
143 
155 1 
141 3 
183 59 
150 
66 
96 
42 
2 179 
116 
121 
168 
176 
121 
133 2 
66 
61 
168 
58 
100 
46 52 
58 
133 5 
92 
66 
205 1 
121 
35 
150 
165 
1 177 
1 51 
158 
66 
77 
2 52 
0
51 
92 
76 
123 
56 
63 
73 
5 59 
140 
0
158 
89 
3 177 
0
3 50 
106 
183 1 
186 
123 
60 
179 
153 
179 
119 
63 1 
62 
0
49 
3 205 
133 
60 
63 
59 
64 
69 
176 2 
205 
72 
46 
205 
51 
58 
135 
100 
2 82 
176 5 
75 
106 
175 
155 
39 
58 
60 
175 
116 
84 
136 
65 
153 
42 4 
46 1 
42 3 
166 49 
2 135 
68 
57 
0
48 
133 
47 
47 
61 
2 147 
0
58 1 
56 133 
2 48 
168 
180 2 
147 
78 
42 
2 52 
1 177 
50 
2 56 
70 
58 2 
3 43 
133 
108 
60 4 
64 3 
123 
46 
56 
1 116 
123 
147 
165 
3 166 
179 
1 49 
92 
42 
1 175 
0
59 
165 
2 127 
42 
63 
123 6 
63 
78 5 
61 
147 
179 
66 
49 2 
1 63 
60 3 
117 1 
103 
75 
116 
180 4 
133 6 
166 
89 2 
1 105 
161 
68 
61 
79 
150 
70 
123 1 
77 
63 
75 
46 
140 
89 
58 
57 
58 
51 
51 
70 
158 3 
150 
121 
70 4 
66 
121 1 
8 108 
186 
65 
147 
116 
175 
127 
52 
79 
47 3 
140 
161 
123 
66 
69 
150 
135 
64 
147 
0
2 116 
82 3 
183 
59 
179 
180 
100 
123 
175 
186 
2 140 
92 47 
65 
84 
127 
127 
50 
205 1 
49 
61 
171 4 
66 
49 
89 
70 6 
123 
153 
76 2 
171 
143 
52 
183 
68 
171 6 
106 
2 70 
147 
78 3 
133 5 
4 65 
70 
78 
3 186 
66 
3 176 
46 
84 
161 
2 57 
117 
52 
73 
61 
66 
75 
47 
66 
100 
77 3 
66 
66 1 
56 
92 
153 
68 
46 
63 
52 
59 
176 
0
165 
66 
89 2 
153 
42 
176 
59 
1 177 
2 49 
0
179 
50 
150 
147 
121 
165 
123 
39 3 
119 3 
116 
1 92 
175 
205 6 
3 175 
168 
140 
61 1 
140 
205 
136 
133 
48 
158 
155 
179 
56 
66 
56 
42 3 
179 
1 57 
2 57 
3 179 
166 2 
108 
70 
3 66 
155 
177 
166 
183 
53 
166 
155 
51 
1 51 
70 5 
96 
0
47 
176 
179 4 
66 
127 
168 
56 
116 
0
177 
105 
59 
2 48 
84 1 
66 
3 52 
1 133 
0
92 
70 
179 
43 
68 
3 49 
61 
161 
57 
3 56 
72 
0
79 
48 
133 
66 
169 
175 1 
179 
51 
1 100 
153 
42 2 
59 
58 
65 
2 168 
73 
183 
140 
155 1 
121 4 
100 
179 
205 
183 
69 
177 
1 52 
43 2 
61 
63 
169 
0
166 
89 
136 
66 
49 
76 
2 180 
205 
177 
147 
2 177 
127 
50 119 
168 
4 177 
61 
135 
116 1 
59 5 
165 
75 2 
135 
57 
133 
49 
133 
133 
153 
56 
66 
123 
51 
175 
116 
9 186 
3 75 
117 
53 
43 
158 1 
72 
73 
4 56 
63 
155 
123 
46 
3 47 
150 
1 51 
43 
2 59 
153 
8 177 
177 
143 
56 
103 
60 
2 117 
56 
127 
58 
171 
3 63 
79 2 
6 103 
161 
3 48 
59 
64 
2 52 
123 
117 
123 
133 
186 
3 75 
47 
165 
116 
3 136 
68 2 
75 
46 
1 177 
66 
60 
180 
123 
133 
89 
50 
75 
57 
57 
75 1 
79 
72 
165 
75 2 
50 
52 
143 
82 
183 
44 
121 
66 10 
0
50 
180 
106 
136 
119 
61 2 
0
177 
82 
50 
60 
60 
121 
147 
119 
63 
64 
3 47 
161 
150 1 
171 
150 
60 
135 
2 169 
46 2 
141 
66 3 
61 108 
52 
133 
57 1 
65 
136 
1 49 
135 
0
108 5 
61 
123 
2 72 
42 
127 2 
70 
117 
141 
3 175 
59 
72 
123 
2 186 
6 141 
100 
89 
6 143 
133 1 
8 48 
35 
169 
72 
121 
3 177 
103 
168 
62 
169 
46 
35 
171 2 
2 161 
2 165 
57 
64 
186 
52 
46 205 
78 
117 
75 
60 5 
179 
158 
50 
68 
180 2 
52 
119 
123 
171 2 
0
1 96 
92 1 
46 1 
177 3 
49 
141 
56 2 
51 
168 
161 
42 
155 
161 
61 2 
169 6 
153 
60 
2 100 
175 
65 
205 
123 
43 
61 
66 
150 
58 
66 1 
56 49 
168 
60 2 
169 
63 
56 1 
176 
150 2 
123 2 
4 103 
70 
100 
186 
108 
105 
66 
75 
4 143 
84 
65 
143 
57 
51 2 
58 1 
61 
2 63 
108 3 
60 
119 
64 
58 
92 
61 2 
0
140 
180 3 
177 
58 100 
52 
84 1 
70 
89 
75 
76 1 
168 
140 
72 
175 
63 
140 
3 66 
2 106 
77 
155 
169 
177 
63 
59 
105 1 
2 116 
150 
50 2 
58 
141 
77 
155 
59 
42 
66 
72 
133 
59 4 
46 
123 
168 
49 
10 205 
119 2 
166 
3 60 
0
119 
147 
2 123 
66 
82 
42 
158 
3 123 
119 
177 
147 
0
2 165 
150 6 
43 
158 
61 
150 
3 103 
1 177 
66 3 
77 
72 
60 
59 
49 
116 
49 
51 
78 4 
150 2 
177 
61 
0
89 5 
176 
116 
150 1 
155 2 
75 
158 
2 65 
73 
50 
66 
127 
60 
205 
43 
58 
60 
70 
123 2 
141 
119 
70 
168 
4 116 
57 
155 
82 
180 3 
58 7 
73 
53 5 
135 
100 
56 
39 10 
76 2 
58 
0
92 
63 
1 53 
180 
57 
183 
61 3 
108 4 
176 
52 
82 
179 
49 
64 
205 
0
121 
52 
119 
47 
179 
52 
205 
2 161 
2 103 
123 
168 
0
123 
92 2 
161 
66 
68 
49 
0
68 1 
169 
179 
49 
1 177 
180 
50 
119 1 
176 
177 
47 
205 
147 
64 
65 
3 135 
2 58 
176 2 
168 3 
140 
2 169 
50 
70 
46 
59 1 
75 
79 
84 1 
52 
183 2 
70 
127 
136 4 
165 
140 
136 63 
143 
82 
133 3 
0
141 
3 179 
84 
63 
0
60 
123 
168 
175 
119 
169 
141 
2 57 
133 
2 140 
106 
89 3 
143 
105 
96 
165 
116 177 
147 
59 
183 2 
143 
0
175 
161 
78 
66 
72 2 
133 
89 
150 2 
58 
75 4 
141 2 
171 
136 
61 
66 4 
65 
161 
1 46 
135 
3 59 
168 
123 
140 
158 
52 
52 
100 
46 
133 
84 
72 
76 
135 
106 2 
116 
0
106 
3 108 
56 3 
135 
121 
1 135 
58 
183 
50 177 
79 
60 4 
84 
3 135 
116 
65 
116 
49 
0
169 
153 
61 
135 
3 143 
168 3 
179 
141 
133 
72 
135 
2 72 
59 
4 143 
72 
1 72 
1 49 
171 8 
66 
140 
177 
105 
175 
133 6 
186 
116 
82 
150 
39 
127 
168 2 
177 
69 
79 
175 
89 
169 
58 
77 
51 
183 5 
82 2 
153 
147 
3 135 
68 
133 
75 
96 
1 69 
0
65 
176 
51 1 
179 
116 
133 
49 
51 3 
171 3 
89 
66 
76 3 
4 161 
2 133 
76 3 
140 
166 
186 
105 
96 
183 
176 5 
103 1 
136 53 
68 
3 66 
153 
155 
60 
4 64 
68 
63 
58 3 
169 
1 186 
127 1 
68 1 
143 
3 103 
175 
92 
105 
153 84 
72 1 
64 
176 
171 
58 
177 
143 
76 
1 177 
82 
158 
155 
141 
136 
69 
65 2 
183 
68 2 
177 
84 4 
58 79 
64 
106 
66 
153 
169 
177 
175 1 
161 
56 
171 2 
5 65 
56 
0
100 
180 
7 175 
60 
65 
177 
2 59 
105 
0
186 
53 
169 
183 
0
1 77 
79 
205 
179 3 
61 
70 
68 
168 2 
176 
0
168 
56 2 
2 63 
0
183 
166 
60 2 
166 1 
52 
165 
117 
141 
60 
96 4 
1 168 
153 
177 
106 
63 
166 
66 
108 
77 
127 4 
84 
100 
103 
79 
62 
2 100 
52 
205 
3 47 
76 
60 
61 158 
2 176 
56 
48 
180 
116 
186 
6 65 
150 
75 5 
171 4 
205 
165 
143 
50 
127 
176 
60 
56 
121 
62 
147 3 
3 66 
175 
2 43 
3 166 
70 
147 
61 
0
53 
106 2 
62 
60 
3 177 
2 165 
1 106 
57 3 
166 
68 
75 
108 5 
5 58 
70 
0
105 
105 
65 
105 
116 
180 
2 161 
57 96 
180 1 
72 
105 
165 
52 
186 1 
103 
158 
56 
66 
66 1 
100 
44 106 
0
166 
158 
4 168 
183 
177 
177 
72 
3 165 
5 165 
2 56 
57 
180 
35 3 
121 
89 
147 
158 10 
59 
3 48 
161 
177 
70 
136 
64 
3 77 
133 
2 49 
105 
76 
0
75 
175 
117 
141 1 
50 
147 
59 
100 
46 1 
3 43 
136 
106 
68 133 
133 
58 2 
2 116 
1 73 
3 70 
50 
205 47 
0
63 
50 
77 
3 123 
5 135 
155 
143 
3 75 
168 2 
121 
150 
60 
171 2 
123 
75 
65 
166 
39 1 
179 
133 4 
76 3 
58 2 
155 1 
121 
176 1 
165 
106 
56 
64 
66 
78 
84 
123 
62 
105 
60 
47 
116 
100 
169 5 
150 5 
168 2 
2 52 
176 
58 
59 
68 2 
150 
123 
3 103 
171 
105 
66 
52 4 
180 3 
66 
177 
70 
117 
52 
179 
2 56 
51 49 
177 
141 
133 165 
108 
177 100 
70 
183 
64 
123 1 
62 
158 
205 
2 133 
205 
186 8 
63 
155 
66 
56 
175 
4 106 
153 
179 
56 
205 3 
43 
105 
2 175 
169 
66 
70 
65 
177 
58 
3 186 
62 
70 
42 
63 
158 
186 
2 63 
123 
63 
60 
66 1 
180 
169 3 
2 177 
61 158 
121 
183 
47 
63 
103 
176 
106 
0
82 
49 
59 
68 3 
72 1 
68 
183 
84 
3 177 
75 
116 5 
169 2 
68 
50 
51 
117 
96 
121 49 
2 147 
43 
2 177 
3 63 
65 
47 
89 
64 
161 
161 
66 4 
66 
0
1 69 
169 63 
147 
180 
63 
171 
153 2 
61 
133 3 
158 
59 
75 
3 50 
177 
106 
0
133 
183 
179 
60 
105 
175 
62 1 
166 
61 3 
0
165 
155 
0
165 
177 
44 
141 
89 
1 43 
168 
51 
1 72 
63 
49 
49 
61 
56 
43 4 
1 106 
127 
57 
119 
136 
7 51 
3 35 
65 
2 175 
158 
3 51 
89 
175 1 
65 
63 
143 
175 
47 
48 
141 4 
78 
153 
0
116 
2 48 
82 
183 
140 
165 
1 49 
57 
79 
103 
42 
8 75 
135 
2 63 
56 
78 
153 3 
103 5 
65 
52 
0
58 
61 3 
168 
52 1 
2 135 
60 
42 
150 5 
105 
2 48 
92 
43 
1 168 
0
171 
57 1 
59 
186 
147 
106 
2 176 
1 100 
51 1 
119 
1 123 
62 5 
57 
70 
57 
153 
127 
53 
171 
127 
171 
0
123 
66 1 
116 
92 
66 3 
2 56 
42 
68 
177 
68 100 
70 
168 
89 6 
205 
89 1 
60 
147 1 
186 
60 3 
70 
52 
68 
183 
68 
186 
51 
108 
70 4 
153 
50 
150 
3 58 
0
183 
72 
50 
78 
143 
51 
169 2 
60 
116 
52 5 
158 
158 1 
50 
42 
49 
116 
143 
2 89 
56 1 
100 
123 
133 
51 
52 
50 
103 
75 
161 
52 
205 3 
133 2 
135 
123 
89 
161 
117 
51 
183 
63 1 
1 100 
4 177 
56 
158 
8 51 
75 
49 
1 46 
180 
2 165 
64 
103 
70 
135 
46 1 
108 5 
52 2 
119 
3 51 
116 
84 
52 
205 
84 
153 
50 2 
42 4 
171 
76 
58 
183 
63 
50 
117 2 
52 
166 
119 
1 123 
143 
150 6 
136 
51 
158 
46 
205 3 
46 
60 
66 2 
46 
66 
183 
51 
59 
117 
133 
66 
63 
92 
105 
205 
61 
3 177 
103 
3 50 
89 
150 3 
141 
50 
70 
96 
49 
46 
70 
70 3 
1 135 
53 
60 3 
116 
116 
0
0
82 
73 
2 70 
123 
0
161 
84 
43 
0
121 
52 
75 5 
49 
63 
3 177 
150 
2 78 
123 
133 
2 69 
58 
84 2 
205 
59 
2 133 
49 
143 
44 
177 
121 4 
63 
56 
3 179 
63 
2 70 
183 58 
180 1 
2 186 
180 
127 186 
56 2 
4 65 
96 
171 
171 
79 
58 48 
2 52 
35 
155 
76 1 
46 2 
61 2 
62 
60 
140 
161 
68 
123 
66 
116 
57 
168 
136 1 
0
1 59 
70 
51 
103 
60 
158 
75 
51 
56 
175 
1 44 
147 
56 
133 
52 
52 
52 
52 
1 69 
1 75 
7 103 
2 171 
205 
89 
116 
66 1 
50 
1 117 
168 
153 3 
133 
66 1 
66 
75 
171 166 
70 
42 
4 51 
169 
168 
105 
66 6 
51 
66 
133 
176 
123 
0
1 59 
140 1 
183 
1 65 
116 
147 
89 4 
116 
51 
133 3 
65 
35 3 
116 
65 
153 1 
171 
171 
116 
72 
166 
2 58 
153 133 
1 155 
105 
2 165 
135 
56 4 
2 177 
136 1 
175 
52 
117 
171 
3 121 
180 
59 
205 155 
48 
108 
127 
72 
56 
47 
135 
141 
183 
136 105 
72 
4 143 
1 177 
56 
58 
177 
69 
3 171 
0
2 168 
61 
179 
140 
123 4 
1 49 
186 
136 
205 
56 
52 1 
175 
92 
116 1 
175 
106 
35 
205 
0
39 
44 
3 60 
64 
0
56 
0
52 
119 
165 
65 63 
8 117 
0
4 65 
116 
92 
127 
127 1 
72 
53 2 
66 
177 
177 1 
116 
63 140 
3 89 
49 
59 
66 70 
77 96 
63 2 
0
66 
68 
2 175 
64 
176 
3 50 
180 2 
2 70 
53 
166 
171 
56 
56 
179 
65 
123 
89 
92 
133 
52 
1 161 
123 
46 
105 
63 
72 3 
100 
175 
158 
61 5 
0
1 135 
136 
177 
50 1 
116 
89 
63 
53 1 
64 
140 
180 
84 
60 
147 
119 
155 58 
177 
57 
48 
58 
168 
75 2 
64 
117 
165 
65 
61 2 
135 
150 
66 
56 
155 
186 
105 
176 
77 
59 
161 
103 
68 
52 
52 
63 
49 
161 
76 
50 
2 161 
127 
63 2 
161 
92 
155 
42 
1 68 
150 
133 
76 
58 
123 
140 
0
43 
140 
50 119 
168 
57 
62 
175 
50 9 
53 
43 
158 2 
72 
75 3 
186 
65 
58 
143 
96 
2 179 
75 
89 
177 
133 3 
66 
70 
153 
205 179 
1 141 
161 
183 
165 
50 
183 
108 
119 
123 8 
147 1 
135 
0
3 58 
169 
108 
57 
59 
65 
96 
106 
166 
171 
147 
127 
61 1 
66 1 
0
4 75 
56 2 
177 
103 
0
136 
64 
108 
64 
39 
0
70 
62 
143 
2 73 
153 2 
116 
153 3 
1 175 
2 168 
69 
121 49 
179 
58 
116 
127 
69 
2 176 
165 
166 
65 1 
50 
49 2 
1 166 
59 
57 
186 
59 
141 
43 
147 
65 
133 
186 
123 
69 
2 46 
205 
158 
108 
1 96 
186 
169 2 
46 
76 
155 
180 1 
0
3 70 
52 
169 3 
3 123 
73 1 
72 1 
3 66 
1 140 
158 3 
63 
68 1 
50 
4 48 
0
63 
1 46 
141 
70 
153 
127 
59 
3 51 
43 
165 
1 140 
44 1 
119 3 
169 
63 
66 
56 
2 64 
168 
0
150 
2 58 
72 
171 
44 
147 
60 2 
92 
116 
58 
75 
50 3 
141 1 
168 
47 
2 65 
56 
158 
59 
171 
105 
75 
1 155 
0
59 
61 
52 
180 
72 
52 4 
161 
0
89 
51 
116 
0
133 2 
1 52 
133 2 
153 
66 58 
176 
205 
47 
121 
147 
92 
57 
127 
186 
155 2 
50 
66 
2 59 
49 135 
177 
180 1 
150 
153 
78 
58 2 
127 
46 
65 
42 
169 
56 4 
1 56 
56 
155 
89 
133 3 
176 
127 3 
116 
66 2 
44 1 
89 
82 
168 
143 
69 
66 
75 
59 
2 52 
1 64 
56 
82 
61 
158 
64 3 
56 
64 
64 
147 
78 
96 
78 
89 
123 69 
89 1 
61 
133 
2 133 
169 
105 
143 
127 
89 3 
2 147 
127 4 
133 53 
9 59 
63 
116 
47 
177 
127 
153 
2 177 
127 
123 
168 
150 
60 
147 
177 
79 
1 177 
143 
177 
1 177 
169 
117 
116 
176 
52 
2 77 
1 59 
2 123 
1 177 
155 
53 
68 1 
2 140 
158 
169 
171 
0
168 
1 65 
133 1 
3 78 
5 59 
168 
69 
121 
135 
4 161 
108 
140 
135 
60 
65 
183 
136 
3 70 
158 
60 2 
141 
147 
123 
127 
136 2 
136 
2 68 
75 
158 10 
150 1 
179 
171 158 
166 
205 
52 
58 
69 
63 
171 1 
51 3 
117 2 
186 
205 1 
60 
66 1 
171 
2 141 
89 
2 165 
175 
105 
171 
177 
60 
133 
75 
108 
177 
2 133 
158 
53 
51 
56 
6 168 
2 65 
179 
64 
105 
106 
0
153 2 
205 
158 
51 
147 
133 
1 176 
165 
205 
1 165 
2 179 
2 177 
166 
57 
177 
177 
65 
2 96 
186 3 
153 3 
119 3 
127 2 
2 64 
169 
158 
166 
64 1 
180 3 
153 2 
205 4 
136 
183 3 
180 
1 64 
180 
77 
140 
133 
150 
179 
89 
168 1 
127 
155 
2 73 
61 2 
177 
158 
141 
64 
68 
180 
183 
133 
177 
79 
59 
179 
171 
105 
57 
147 
205 
177 
205 
66 
56 
0
66 
133 2 
183 
133 
0
76 
2 143 
58 
153 4 
4 100 
56 70 
72 
123 2 
69 
186 
180 1 
84 3 
186 
153 
60 
65 
106 
58 
61 
183 
70 
5 63 
155 4 
84 
186 
47 
127 
155 
141 
0
108 
171 
72 
176 
133 
127 8 
119 
92 2 
47 
5 103 
51 
0
205 
68 6 
70 
179 
140 
116 1 
60 
186 
0
100 
82 
147 
79 
105 
183 2 
66 2 
65 
61 1 
46 
100 
66 
105 
51 1 
141 
166 
0
179 
60 3 
51 
2 168 
103 
153 1 
3 158 
141 
60 
150 2 
47 
0
205 
58 
168 
5 175 
117 
108 
39 
136 
2 63 
117 
147 
166 
171 
2 79 
2 56 
89 
116 176 
135 
116 
92 2 
50 3 
4 186 
44 
3 75 
176 
3 121 
66 
66 
75 
186 
66 
56 1 
136 
51 
133 
47 
65 2 
89 
117 
56 2 
133 103 
1 121 
171 
169 
70 
2 143 
56 
141 
161 
2 168 
140 
205 
3 166 
153 
175 
180 135 
117 
153 2 
0
66 
2 176 
1 51 
59 
155 
171 
135 
70 
51 1 
47 
61 
56 
168 
171 
186 
50 
183 
82 
42 
63 
96 
50 
3 57 
63 
70 
123 
3 169 
52 
43 
143 
57 3 
46 
56 
177 
169 
50 
108 
2 177 
60 
180 
186 
70 6 
171 
2 135 
52 
42 
205 
84 2 
147 
168 
4 177 
155 3 
108 
127 
180 
2 205 
183 
2 65 
0
205 
121 
205 
177 
1 158 
116 7 
4 103 
177 
58 
153 
169 
70 
119 
166 
6 65 
169 
65 
52 
0
68 
0
171 3 
180 
186 
2 63 
171 
103 
73 
166 
58 
5 205 
179 
133 
2 161 
64 
65 
166 
123 2 
3 65 
5 100 
179 
186 
66 
58 
165 
1 63 
3 161 
96 
165 
158 
66 
96 
176 
180 
59 
57 
46 1 
127 3 
3 100 
84 
4 176 
135 
84 
56 
158 
66 
121 3 
68 3 
183 
169 
161 
0
72 
89 1 
65 
1 106 
166 3 
5 79 
66 
105 
158 
77 
0
103 
58 
140 
123 2 
150 
2 96 
103 3 
46 4 
82 
59 
205 
161 
150 
0
165 
89 2 
153 2 
141 
171 
140 
75 
66 6 
176 
123 
89 3 
66 
169 5 
205 
70 3 
59 
117 
68 
103 
57 
155 
133 
100 
3 56 
158 
51 
2 133 
153 2 
123 
0
63 
1 186 
177 
165 
60 
147 
158 
70 
2 72 
68 
47 
155 
58 4 
176 
150 
150 
96 
127 1 
56 
3 82 
78 
2 177 
63 1 
58 
56 
89 
117 
177 
75 
60 
117 
4 123 
51 
180 
0
140 
186 6 
77 
1 77 
141 
168 
46 2 
70 
116 
177 
56 
117 
108 
50 
179 
75 
105 
117 
49 
61 
35 
1 51 
76 1 
179 
150 
68 2 
116 
65 
155 
143 
3 147 
153 
75 
158 
205 
89 1 
72 
73 
2 165 
59 4 
175 
89 3 
166 
205 
42 6 
183 
147 
117 
77 
66 
56 
179 
56 
121 
51 
121 
205 2 
56 3 
61 
3 100 
136 
140 
1 77 
103 
1 179 
0
58 
176 
46 
123 3 
123 
75 1 
2 116 
106 
50 
8 106 
161 
77 
179 
143 
0
133 
205 
4 64 
135 
82 
59 
103 
2 58 
70 
42 
177 
155 
96 
169 1 
183 3 
123 
82 
155 
100 
63 
133 2 
77 
65 3 
106 
165 
165 
116 
103 
140 
165 
127 
169 5 
103 
58 
0
183 
66 
44 
1 43 
123 
59 2 
123 2 
177 
205 
136 3 
0
57 
4 58 
141 
46 
66 
1 161 
1 63 
3 171 
166 
179 
89 
50 
171 
2 70 
52 5 
56 
3 179 
108 
140 
108 
5 147 
72 100 
141 
48 
141 
168 1 
61 
161 
96 
59 5 
66 4 
133 
177 
205 
51 
65 1 
68 
123 
166 
68 
53 
66 
205 
78 6 
147 
141 
127 5 
43 
62 
70 
59 
180 
179 
177 
141 
179 
133 3 
175 
52 
0
47 
147 
56 68 
141 
158 
155 7 
133 
180 3 
106 
44 66 
205 
183 
43 
141 
59 
105 
1 63 
175 
123 
68 
100 
205 5 
133 2 
92 
0
3 100 
108 2 
0
143 
119 
180 2 
47 
89 
64 
0
2 161 
147 
171 
58 5 
2 79 
42 3 
1 179 
180 
1 66 
4 165 
168 
155 
155 
78 
117 
70 
51 
165 
147 
61 66 
56 
153 
2 143 
56 
5 175 
3 175 
52 
92 1 
0
106 
108 
50 2 
2 168 
61 
58 64 
176 
165 
75 
175 
1 63 
205 
84 
52 5 
92 2 
43 
1 100 
119 
70 
51 
0
135 
119 
116 
100 2 
135 
175 
76 1 
133 5 
1 161 
2 177 
186 
136 
51 3 
43 
69 
4 63 
73 
140 
4 176 
76 
2 106 
75 
177 
116 1 
117 
105 2 
150 
89 
179 
103 
96 
3 177 
1 175 
186 
75 
52 
56 
2 57 
140 
72 
52 
140 
49 
50 
135 
52 
75 
52 
52 
92 1 
153 
51 
186 
183 4 
153 
123 
49 
61 
56 
75 
57 
165 
3 72 
140 
73 
58 
52 
205 
72 
183 
70 180 
123 
1 77 
49 
56 
158 10 
0
51 
92 
0
56 
133 
123 
177 
133 5 
61 1 
150 
119 
61 3 
66 
63 
165 
153 2 
0
75 
150 2 
3 57 
103 
73 
150 5 
176 
2 50 
0
76 
66 5 
63 
136 
70 
57 6 
177 3 
1 51 
56 
165 
153 1 
179 
3 117 
92 4 
177 
58 
3 121 
180 
117 
3 140 
68 140 
53 
0
49 1 
169 
161 
161 
63 
2 117 
186 
2 166 
140 
179 
176 
62 
177 
171 
133 
79 
89 
50 2 
116 
2 66 
2 143 
4 180 
171 2 
89 1 
1 166 
46 
56 
47 
1 59 
92 
121 
166 
165 
150 1 
176 
180 106 
165 
61 
66 
183 
186 
155 
147 
66 
205 2 
61 2 
61 
62 2 
100 
161 
6 66 
133 
2 168 
75 
56 
0
61 
64 
0
70 
48 
51 
140 
75 
183 
53 
117 
180 
169 
158 1 
2 63 
8 155 
177 
186 
205 
169 
6 140 
0
180 
105 
75 
171 
133 
106 
100 
150 
65 
59 
161 
49 
70 
60 
158 
63 
165 
4 46 
0
108 177 
155 
60 1 
166 
158 
2 66 
52 
66 
64 
158 2 
1 106 
186 
169 3 
143 
3 147 
1 69 
1 103 
106 
1 205 
171 
155 
161 
161 
0
171 2 
108 
116 1 
168 
0
153 
3 72 
161 
70 
183 1 
49 
8 106 
0
42 1 
2 72 
3 186 
89 
169 
117 
205 
116 
70 
2 168 
153 
64 
1 168 
176 1 
176 
1 64 
141 
66 
186 
183 1 
169 
1 121 
63 1 
153 
1 121 
143 
121 64 
177 
51 
183 1 
0
57 
108 
61 1 
1 180 
123 
103 
183 
92 
158 3 
77 6 
1 147 
66 
53 
0
50 1 
56 
3 65 
4 96 
183 
153 2 
10 44 
56 
66 
77 
3 58 
35 
175 
176 
205 
65 
176 
106 
62 
186 
180 
52 6 
2 69 
116 
165 
108 
61 
65 
79 
68 2 
180 1 
141 4 
116 
63 
59 
205 
176 
155 
158 
161 
177 
84 
177 
66 
68 
59 
175 
70 
150 
161 
176 
96 
51 
0
53 
0
176 
3 186 
0
175 
48 
49 
123 155 
153 1 
64 3 
123 
175 
46 
103 
2 175 
183 
168 
1 147 
169 
56 
63 
106 
70 2 
0
63 
2 64 
49 
176 
0
140 
56 
127 
1 158 
2 161 
158 2 
166 
75 
92 
180 
51 
65 
117 
3 89 
123 64 
35 
155 
105 
49 
175 
169 
180 
136 171 
42 
116 
140 
2 166 
1 66 
65 1 
72 
179 
141 
133 
65 
180 
66 2 
3 117 
63 
60 
1 62 
72 
161 
59 
177 
57 
108 
78 
106 
3 166 
169 
123 
60 
123 
51 
168 
175 
58 
123 
0
5 106 
49 
121 
161 
155 
135 
180 
186 
205 
66 
51 1 
117 
59 
0
3 65 
42 1 
9 177 
175 
49 
65 1 
171 
82 
175 
105 
183 205 
1 72 
133 
57 
123 
158 
3 63 
65 
133 
2 116 
165 
176 
0
52 
10 166 
65 2 
66 
143 
57 
123 
78 
1 64 
65 
123 1 
2 89 
56 1 
61 
75 
4 169 
50 
183 
75 
150 6 
52 177 
0
177 
2 136 
150 
155 1 
46 
186 4 
158 
169 
176 
0
161 
76 2 
79 
183 
52 
72 
69 
66 
0
140 
6 61 
205 
171 
183 
96 
127 
153 3 
147 1 
123 
150 2 
89 
84 
123 
169 2 
123 1 
161 
52 3 
6 147 
176 
166 
2 59 
119 
66 
66 
141 
0
2 141 
205 
171 1 
166 
140 
180 2 
158 
68 2 
177 
0
176 
52 
105 
166 
1 175 
65 
180 
72 
56 
72 
127 1 
79 
60 
72 
49 1 
1 106 
179 
116 
84 1 
63 
58 
117 
60 
65 
92 1 
3 168 
65 
61 
89 
59 
66 6 
166 
66 
52 
2 143 
121 
66 
2 79 
168 2 
171 1 
70 
66 
56 
180 
50 57 
155 2 
186 
0
165 
39 
65 1 
179 
169 
175 
205 
4 52 
161 
35 
68 
6 96 
65 
66 
177 
1 64 
147 1 
179 
100 
66 
171 
6 169 
4 52 
78 
141 
77 2 
177 
127 
140 
183 
133 
5 135 
0
183 
70 
105 
82 
89 
2 63 
63 
65 
52 
42 2 
56 
133 
1 65 
75 
56 4 
65 
105 2 
39 
103 
179 
56 
65 
56 
166 
42 3 
161 
56 
75 
52 1 
43 
135 
177 
66 
52 
43 
89 
59 
42 3 
51 
75 
175 
2 69 
186 
51 
121 
76 
2 166 
205 
150 
166 
147 
0
136 
186 2 
66 
59 2 
165 
147 
61 2 
3 77 
1 179 
66 
171 
175 
46 
171 
123 3 
205 
166 
135 
89 1 
133 
161 
155 4 
180 
183 
75 
57 
171 3 
65 
49 
186 
58 
176 
161 
58 
180 
141 
180 3 
50 
51 
171 
62 
136 
70 
6 63 
169 
169 
66 
147 5 
53 
205 
155 
2 175 
89 
59 
56 3 
117 
63 
2 72 
70 
147 2 
8 66 
186 
177 
183 
0
133 8 
177 
161 
7 108 
61 
123 
140 
135 
3 176 
66 
61 
123 3 
51 3 
179 
165 
1 127 
59 
69 
42 
136 
106 3 
76 7 
46 
68 5 
96 
155 
3 177 
183 
4 46 
2 106 
1 119 
53 
150 
65 2 
158 
186 1 
92 4 
158 
136 
58 
123 
70 
49 
57 1 
43 
2 177 
161 
177 
136 
92 2 
52 
205 1 
2 50 
50 3 
75 2 
133 
135 
75 2 
52 
52 
176 
63 
51 1 
52 
121 
0
117 
183 
64 
0
56 
47 3 
56 
176 
158 
205 4 
183 
3 70 
183 2 
63 
52 
63 
48 
1 158 
180 
9 116 
49 
205 
1 46 
78 
61 
96 
60 
58 
52 
186 
56 
52 1 
171 
48 2 
63 
119 
72 
53 3 
150 
119 
121 
183 
116 
49 
5 63 
143 
63 
166 
82 
51 
123 
117 
68 
140 
143 
136 1 
136 180 
52 
0
73 
127 
140 
10 44 
121 
72 
72 
3 176 
141 
180 143 
123 
150 
158 
50 
58 
186 
51 
49 1 
143 
140 
52 
56 
63 
66 
2 47 
50 1 
121 8 
58 4 
175 
4 143 
117 
92 
2 96 
2 119 
179 
66 
59 
1 72 
79 
116 
2 177 
135 
92 
121 
92 
44 
66 
60 
1 50 
136 1 
205 4 
62 
72 
108 
52 
166 
52 59 
133 
123 4 
0
141 
63 1 
116 
49 
89 
63 
155 
46 
52 
153 1 
58 
153 1 
121 
4 205 
65 
63 3 
66 
121 
179 
177 
63 
0
171 3 
175 
61 
72 
0
1 70 
117 
121 
135 
60 
166 
0
66 
60 
180 
158 2 
70 
72 
171 
0
123 
183 
66 
177 
51 
42 
147 3 
70 2 
119 
46 
1 116 
179 
66 
68 
150 1 
57 
123 
61 
150 
2 44 
100 
205 
2 59 
166 
127 
177 
76 
171 
150 
3 133 
133 
68 
116 
62 
63 
9 82 
176 5 
150 
3 58 
76 
52 3 
108 
76 
100 
143 
116 4 
150 5 
116 
63 
9 143 
1 165 
61 
133 
50 
84 3 
2 66 
177 2 
108 
89 3 
147 
58 
176 179 
43 
58 
127 
61 1 
143 
121 
123 
50 
2 60 
0
66 
133 
1 75 
84 
116 
123 
59 
59 
52 
5 58 
165 
127 
180 
0
1 166 
61 
65 2 
51 
180 
3 82 
42 
179 
84 
96 
82 
61 
92 
177 
105 
0
135 
100 
158 
205 
4 79 
175 
147 
150 1 
177 
64 
171 
123 
56 
68 
61 
1 56 
175 
4 65 
1 100 
0
47 
141 
171 
61 
180 
136 
66 3 
49 
3 58 
117 
66 
177 
66 
168 
176 
141 2 
92 
121 
141 4 
180 
1 105 
133 
49 
66 
141 
78 6 
1 103 
66 
64 
39 
186 2 
53 2 
49 
180 
0
177 1 
177 
77 
66 
103 
58 
66 
68 
186 
78 
66 
158 
59 
161 
177 
179 
2 183 
176 1 
179 1 
2 161 
64 
153 3 
6 177 
56 
61 
168 
141 1 
141 
105 1 
133 
168 
46 58 
82 
177 
150 
66 
68 
150 
1 49 
65 1 
155 9 
58 
65 
116 
133 
186 
180 1 
50 
105 
123 1 
89 
177 
68 
0
1 205 
155 
166 
2 108 
75 
58 
89 
147 
186 
1 177 
150 
4 155 
168 
141 
106 
183 5 
46 
175 2 
63 
176 
56 
136 
46 
121 
58 
2 179 
176 
8 100 
96 
141 2 
123 
155 
175 
66 
141 
127 
168 
49 4 
68 
2 57 
76 
89 
50 70 
60 3 
180 2 
61 
205 
158 2 
180 
8 165 
1 43 
53 6 
0
169 2 
136 2 
177 
0
0
175 
121 
60 
143 
147 
169 
3 168 
58 
0
176 
123 
42 2 
72 
60 
56 4 
76 
117 
89 
8 59 
58 
63 
46 1 
147 
175 
155 
147 
165 
3 123 
143 
0
60 
183 6 
1 72 
60 2 
103 
100 
3 135 
106 
179 
176 
76 
64 
60 
72 
155 
96 
171 
180 
6 59 
70 
2 69 
143 
165 
56 
79 2 
183 6 
52 
168 
106 
46 1 
155 
76 
3 176 
3 64 
92 
70 
8 175 
3 116 
168 3 
61 
0
205 
65 
123 
89 
169 
79 
176 
179 10 
64 
119 
158 
76 3 
205 
92 
158 
66 
103 
133 2 
165 
60 
3 56 
168 
158 
58 
56 
78 2 
121 
46 64 
165 
56 
72 
89 
3 177 
168 
46 
56 
63 
180 
61 
66 
72 
140 2 
77 
177 
57 
177 
1 75 
96 
176 
169 
56 
78 1 
89 
155 
186 
106 
61 
58 3 
176 
116 
141 
53 3 
3 66 
165 
175 
39 
166 3 
108 
1 103 
3 165 
105 1 
61 5 
1 165 
2 77 
68 
133 
140 
186 
105 
65 105 
171 
100 
127 
2 147 
58 47 
108 
150 1 
169 
59 
166 
177 
205 
64 
70 
177 
61 
51 
175 
2 166 
179 
141 
165 
75 
168 
166 
89 2 
2 186 
183 
53 5 
133 1 
0
49 
1 100 
153 
75 
165 
116 
2 100 
3 51 
177 
58 
153 
57 
177 
141 
116 
1 179 
176 
78 
1 166 
56 
205 
175 
61 
183 9 
53 
2 161 
62 
1 116 
153 
147 
180 
179 
47 
64 
70 
155 
65 
61 
103 
153 
65 
169 
171 
117 
1 82 
180 
56 
168 
79 
76 
66 
117 
66 
119 
180 
2 176 
177 
60 2 
50 3 
153 1 
153 
183 
64 
2 161 
70 
136 59 
169 
1 62 
78 
75 
143 
3 119 
9 63 
140 
77 
177 
119 2 
136 
116 
1 158 
100 
117 
150 
58 
116 
49 2 
70 
58 4 
205 5 
68 1 
58 
96 
177 
63 
155 
165 
56 1 
180 
66 
123 
59 3 
46 4 
42 
63 
63 
57 2 
0
92 
161 
140 
72 
2 49 
46 1 
92 
186 
46 
89 3 
119 
205 
150 
136 
3 135 
51 
52 
116 2 
56 2 
0
72 2 
106 
175 
141 
3 72 
59 
143 
140 
46 
58 
158 
141 
66 
63 
123 1 
158 3 
3 176 
72 
58 
123 
205 
4 133 
171 
4 58 
66 
140 
52 
150 
123 1 
119 2 
171 
0
119 1 
116 
168 
89 4 
2 133 
117 
143 
56 
147 
61 
143 
123 
135 
119 
2 70 
89 
1 183 
4 49 
166 
147 2 
121 
53 
60 205 
123 2 
70 
43 
121 
175 
117 
2 176 
78 
92 
105 1 
52 
4 161 
116 
123 
177 
127 
2 117 
51 
141 
116 
150 4 
76 
108 
89 
116 
43 
1 161 
60 
77 
150 
51 
117 
121 
76 
143 
161 
169 1 
183 
56 3 
2 58 
43 
127 
205 4 
61 
52 
63 
105 
133 
133 
150 
70 5 
168 
60 
76 
78 
72 
176 
150 
106 
153 
5 165 
1 177 
117 
4 59 
65 
52 
79 
117 
58 
177 
171 1 
1 141 
133 5 
61 
133 56 
133 
64 
143 
51 
65 
3 106 
179 2 
56 
0
2 52 
60 
4 47 
89 
176 
136 
186 
63 3 
177 
2 177 
73 
100 
68 
121 1 
2 92 
205 10 
0
136 
153 
4 60 
127 1 
177 
43 
119 
155 1 
52 1 
58 
183 2 
175 
117 
175 
143 
169 
58 
70 
96 
116 64 
0
50 3 
3 49 
78 
127 2 
108 
136 77 
1 127 
2 179 
72 
143 
105 
136 4 
59 
169 1 
177 2 
61 
168 
180 
42 
61 1 
0
127 6 
72 
177 
153 
42 
59 
89 
68 2 
3 58 
63 
177 
175 2 
117 
92 
147 4 
66 
51 
56 
3 57 
150 
65 
46 
158 
133 
60 
51 
155 
2 143 
77 
43 
133 
50 
58 
66 
166 
177 
2 96 
70 
70 
100 
49 
63 
51 4 
136 9 
76 
96 
66 
150 
179 
179 
76 
135 
92 
180 121 
61 
3 62 
56 
171 
42 
82 
96 
205 
143 
121 
2 179 
205 
155 
180 
169 
205 
2 177 
77 
153 
65 
180 
42 78 
56 
106 
123 
183 
78 
51 
136 
0
65 
61 
171 
61 3 
183 
42 1 
135 
116 
175 
116 
1 43 
3 59 
61 7 
136 
180 
158 3 
50 
141 
133 3 
116 
5 166 
66 2 
51 
69 
89 
165 
180 
186 
169 
56 
116 
61 
0
127 
103 
1 49 
153 
180 
2 116 
168 1 
2 100 
180 
136 
136 
0
77 
116 
155 
77 
60 
79 
123 
0
205 
75 
2 161 
2 143 
68 5 
48 
59 
51 
58 
127 
0
2 60 
56 2 
0
127 
1 106 
92 
69 
89 
2 140 
52 
150 
48 
58 
133 2 
56 
165 
165 
68 1 
123 1 
61 
49 
5 121 
47 
3 59 
2 140 
1 77 
59 
3 66 
3 166 
133 
4 65 
66 1 
121 
58 
44 1 
59 
56 
84 
155 
39 
82 
119 2 
179 
51 
205 
135 
121 
106 
50 
52 
84 8 
61 
179 
116 
77 
39 
61 2 
169 
180 4 
133 
133 
155 1 
171 
46 
70 
2 116 
2 63 
49 
59 
96 
60 
51 
43 
0
168 
165 
186 
35 
49 1 
66 2 
127 4 
180 
117 
1 143 
51 
92 
44 
61 
108 2 
63 
133 
96 
61 
123 
35 
82 
175 2 
116 
3 51 
106 
2 103 
63 
133 
150 
6 116 
2 63 
50 
92 
70 
2 57 
56 1 
119 
123 1 
1 49 
35 
133 
68 
89 5 
89 
1 72 
158 
4 143 
84 
47 
92 1 
153 1 
155 
43 
89 2 
123 
103 
179 
183 
106 
42 
64 
51 
133 
168 
66 1 
1 186 
0
116 
1 119 
42 6 
161 
75 3 
66 
77 
205 
1 63 
123 
78 127 
150 166 
177 
175 
49 
133 3 
63 
141 
205 
72 
0
108 1 
70 
82 
116 
66 
56 
68 1 
66 
116 
116 
136 
2 49 
52 
180 
135 
119 
60 
123 2 
66 2 
179 1 
116 
183 
50 
2 56 
169 
175 
169 
165 
177 
49 
61 
171 66 
3 117 
0
133 
66 50 
2 166 
66 2 
177 
166 
58 
92 
0
70 
133 
123 1 
5 64 
119 
48 
46 3 
89 
153 
4 143 
155 
96 
135 
3 143 
63 
2 166 
1 133 
176 
106 
123 
175 
66 5 
165 
123 
155 
123 
153 1 
58 6 
4 51 
59 2 
175 
143 
2 75 
180 
5 47 
58 2 
62 
127 
183 
171 
59 
168 
79 
158 
47 
3 106 
60 
168 66 
116 
177 
2 123 
89 
127 
3 63 
70 
177 
72 
136 
2 140 
175 
73 
4 186 
0
176 
169 
141 
2 52 
3 177 
76 
61 
3 73 
50 
123 
117 
141 8 
119 
66 
121 58 
166 2 
2 72 
89 
153 
65 
150 
183 5 
175 10 
165 
68 
121 1 
119 
183 52 
57 2 
3 63 
186 
72 
177 
66 
119 
133 
69 
116 5 
177 
2 100 
171 
59 
50 
3 65 
70 
0
161 
123 
177 
66 
121 
105 
141 1 
153 2 
183 
123 
3 117 
133 
82 
0
2 147 
68 66 
51 
4 165 
63 3 
177 
103 
1 66 
205 3 
127 5 
147 
143 
48 
116 
46 
0
147 2 
121 
176 
136 
136 
66 
171 
168 
150 
73 
89 
116 143 
135 
44 2 
177 
84 4 
47 
140 
57 
155 2 
62 
59 
48 
3 166 
153 
1 165 
180 1 
183 8 
73 
96 
3 65 
150 
205 2 
51 
153 
6 166 
135 
0
52 2 
133 
166 
56 
169 2 
136 1 
84 
0
70 
78 
0
96 
56 
39 
56 
3 59 
133 
140 
66 
56 
72 
1 175 
150 1 
2 179 
0
155 
177 
108 
59 
79 
179 
1 68 
60 
180 
56 1 
70 5 
49 
135 
123 
105 
50 
176 
49 
64 
2 56 
169 
59 
6 51 
49 
63 
50 6 
65 
116 
168 
143 
135 
63 
58 
66 
169 
123 
140 
77 
183 
79 
127 3 
70 
52 
150 2 
64 
51 
136 
63 
150 4 
116 
79 
140 
46 
2 70 
4 70 
56 
136 
205 
143 
3 58 
150 
1 161 
166 
84 
140 
77 
133 
116 
89 
46 
176 
171 
59 
56 
73 
153 
49 
70 
180 
153 2 
161 
66 
186 
1 50 
51 
46 
177 
136 
3 75 
46 
64 
166 
52 
0
58 
65 
75 
6 58 
75 
153 2 
2 82 
2 175 
72 
63 
82 
108 2 
153 
108 3 
3 77 
2 69 
179 
70 
52 
169 
70 
121 
133 
63 
155 1 
59 
70 
205 2 
133 121 
166 
66 
205 
169 
183 
205 
57 
147 
123 
56 1 
65 
166 
89 
76 
1 135 
3 52 
76 3 
66 
63 
153 59 
65 
116 
155 1 
89 6 
82 
179 
171 3 
155 
141 
205 
150 2 
76 2 
116 
56 
116 
135 
0
116 
63 
116 3 
175 
169 
50 
106 
133 
136 1 
153 
121 
119 
1 177 
123 
51 2 
73 2 
70 
1 58 
63 
52 
100 
92 
65 43 
186 
205 
57 4 
186 
60 
0
43 
179 
60 
133 
50 
73 
50 
3 121 
3 179 
9 140 
75 
66 
75 
63 
84 2 
46 
153 
168 
75 
50 
116 
3 72 
0
205 
57 
61 
58 2 
66 
136 
0
79 
75 
72 
72 
61 
161 
136 
1 180 
84 
140 
143 
0
84 
60 
61 
57 3 
165 
39 4 
66 
0
186 
153 
140 
66 
133 
140 
121 
150 3 
70 
119 
61 161 
158 
43 
66 
100 1 
127 
186 
0
68 183 
73 3 
176 
158 
119 
50 
155 3 
155 
136 
58 
56 
116 
50 2 
158 
123 
175 
66 
70 3 
133 
123 
49 
119 
56 
2 177 
2 177 
186 
50 4 
136 1 
61 
117 
79 
78 
153 2 
58 
57 
49 
66 
171 
0
2 92 
136 
4 51 
180 
143 
89 
1 176 
78 133 
66 4 
64 
136 
82 
3 147 
205 56 
180 
186 
52 
135 
70 
39 4 
63 
179 
1 73 
123 
168 
177 
171 
180 
0
65 
2 64 
62 
57 
175 
76 
179 
0
96 
68 3 
123 3 
105 5 
2 64 
51 
165 
58 
168 1 
73 3 
72 
66 
70 
141 
158 2 
108 2 
3 171 
66 
64 
108 
49 2 
180 3 
176 
84 
0
103 
63 
150 64 
56 
177 
47 2 
59 
61 2 
52 
165 
177 
205 
70 3 
153 
5 66 
60 1 
143 
75 
68 
51 
52 
64 
76 
161 
64 
5 177 
121 
0
177 
3 177 
133 3 
60 
1 56 
2 186 
166 
56 1 
72 
169 
60 
177 
65 
89 10 
56 
3 96 
143 
183 
105 
177 
61 
76 
175 
66 6 
2 177 
176 
2 166 
168 
82 
108 
100 
168 
176 
169 
180 
2 65 
0
179 
108 3 
66 
73 
58 
171 
116 
1 165 
106 
123 
1 108 
171 2 
108 
0
56 
49 
5 70 
66 
158 
0
5 103 
1 63 
147 
141 
52 
165 
166 
175 
2 100 
53 
106 
177 
176 
60 1 
140 
66 
180 
1 64 
2 58 
105 
52 
100 
158 2 
6 100 
2 186 
183 
161 
63 
89 
1 205 
58 
43 
1 155 
183 3 
60 
59 
108 
183 
179 
3 59 
105 2 
133 1 
155 
2 141 
136 
64 
89 1 
59 
180 
75 
3 176 
1 116 
186 
165 
70 3 
46 3 
168 
169 
59 
75 
171 
165 
179 
0
179 
0
153 
1 183 
60 
176 4 
127 1 
169 
70 
179 
0
165 
89 
169 1 
65 
169 
183 
168 
59 
179 
171 
103 
205 3 
4 166 
84 2 
59 
103 5 
147 
89 4 
186 
105 
155 
59 
50 
1 165 
2 180 
166 
183 1 
52 
183 
3 72 
0
3 106 
0
0
66 
186 
42 
51 
158 
56 
61 
171 
65 
70 
52 
51 
168 
158 2 
61 64 
1 65 
63 
150 
179 1 
127 
10 166 
169 
143 
186 
68 
186 
57 
89 
150 
108 4 
180 
56 
4 60 
8 58 
136 1 
56 
47 103 
50 
183 2 
62 
153 165 
68 2 
58 
47 
68 
153 
73 
175 
177 
58 
56 3 
6 59 
175 
169 
177 
2 70 
105 
183 
168 
158 
66 3 
158 
106 
155 4 
175 
2 186 
72 64 
175 
155 
0
1 155 
183 
39 
2 166 
155 
46 
66 2 
56 
0
133 2 
183 
147 
63 
1 175 
66 2 
158 
70 
3 69 
73 
63 
69 
75 
51 1 
60 
89 
66 2 
135 
155 2 
60 1 
133 3 
2 89 
147 
56 
205 
61 
2 66 
66 2 
0
70 2 
66 
177 
158 2 
58 
155 
4 166 
123 1 
3 169 
43 4 
183 3 
49 
6 43 
2 64 
147 
3 69 
96 
63 2 
169 
60 
169 2 
62 
50 
58 1 
6 53 
177 
70 
180 
183 
2 169 
108 
60 
44 
180 
0
77 
205 
49 3 
3 158 
0
176 
108 176 
180 
155 
140 
42 1 
1 70 
89 
136 
155 
186 
106 
2 165 
2 64 
5 143 
66 3 
89 1 
205 
61 
168 
43 
177 
51 
79 
2 179 
70 
176 
136 
119 
1 186 
155 
158 
183 
4 165 
116 
183 2 
150 
72 
135 
155 
121 
58 
150 
61 
46 
61 
135 
5 176 
10 100 
65 
155 
177 
165 
171 
127 6 
108 
0
0
78 
3 179 
171 
1 57 
66 
53 
176 
161 
165 
133 
73 2 
169 
49 
175 
123 
177 1 
89 
0
0
168 
105 
123 2 
51 49 
177 6 
153 
171 
175 
50 
52 
168 
116 
68 2 
171 
60 175 
141 
123 
133 
180 
106 
2 106 
177 
165 
165 
65 
39 
56 3 
65 
3 143 
177 4 
10 161 
103 
105 
68 
183 58 
141 
133 3 
166 
147 
183 
176 8 
62 
4 106 
4 143 
183 
179 
155 
186 
0
48 
177 
1 121 
63 
143 
169 
179 
177 
73 70 
84 
177 
68 
119 3 
51 
158 1 
42 3 
3 73 
168 5 
180 3 
43 
176 
43 
133 
121 
53 
70 
186 
176 
0
68 
141 
66 
186 
2 121 
0
49 
60 1 
58 
106 
140 
186 
140 
77 
150 
161 
179 
56 
63 2 
161 
68 4 
58 1 
177 
150 
168 
117 
180 
0
186 
143 
123 1 
158 
70 
121 
49 1 
1 135 
52 
1 177 
66 
70 2 
133 3 
58 
186 
63 
89 
123 1 
64 
70 
158 
171 
150 
143 
89 
46 
58 123 
158 
161 
2 82 
56 
119 
56 1 
153 
158 
96 
143 
108 
105 
51 
153 
161 
169 
58 
123 
72 
171 4 
84 
186 
63 
116 
1 105 
1 116 
136 4 
48 
168 
89 2 
62 
3 135 
68 
169 
168 1 
168 
56 
0
56 
121 3 
205 
116 
47 
64 
123 3 
39 
52 
1 96 
92 
205 
43 
66 
136 
47 
60 
57 
0
1 62 
47 
1 69 
75 
103 
179 
56 
35 
150 1 
175 
46 
136 
165 
3 186 
44 
70 
179 
3 161 
168 3 
2 119 
65 1 
2 106 
3 106 
6 63 
133 2 
50 1 
1 100 
205 2 
47 
169 
180 
3 66 
2 79 
166 
143 
0
56 
158 4 
39 2 
123 4 
61 
186 2 
51 
1 143 
180 
61 
42 
59 
103 
72 
59 
123 165 
75 
171 
158 3 
66 
103 
147 
176 3 
59 2 
70 
1 127 
141 
59 
175 
49 
158 5 
43 
2 69 
133 2 
1 64 
61 1 
49 
123 
84 
116 
135 
61 
47 
82 
84 2 
56 
141 
116 
1 100 
171 
1 175 
2 158 
205 
3 59 
168 
150 
133 
52 
143 
56 
205 
119 1 
89 
68 
63 
168 1 
123 1 
65 1 
2 66 
39 
58 
133 1 
59 
46 
3 75 
116 
57 
155 3 
150 
56 
2 75 
150 
50 
66 
43 
63 
69 
150 1 
50 
133 2 
0
2 177 
68 
186 
186 
3 133 
6 92 
180 
70 
123 
0
3 49 
77 5 
176 5 
123 
39 
171 
133 1 
82 
65 
168 1 
66 
147 
169 1 
58 1 
133 
168 
63 
161 
169 
116 
46 
183 
42 
64 
77 
60 
84 
84 
49 2 
176 
65 3 
66 1 
123 
73 
51 
147 
117 
51 
89 
150 
73 5 
63 
65 
65 3 
47 2 
56 
4 180 
68 
59 
1 51 
186 
1 177 
6 133 
72 
79 
52 
169 
116 
119 
39 5 
179 
116 
46 4 
66 
175 
108 
56 
186 
43 
89 4 
116 
3 96 
100 
166 
70 
103 
44 1 
141 
1 205 
60 4 
66 
66 
49 
89 
1 65 
50 
166 
127 
61 
75 5 
168 
205 
64 
133 2 
84 2 
2 127 
133 
153 
116 
133 
105 3 
57 
171 
133 3 
141 
176 
72 
165 
5 116 
60 
65 
92 
70 
166 
123 
143 
69 
168 
2 79 
176 
121 
176 
89 2 
127 
177 
169 
49 3 
52 
175 
176 
68 
186 
53 
50 4 
133 
63 
108 
136 
3 61 
175 52 
2 63 
147 2 
48 
1 77 
127 
63 2 
133 
84 4 
205 
61 133 
177 7 
119 
177 
119 
46 
116 
117 
147 
44 
52 
5 158 
127 2 
168 
1 161 
121 
1 47 
63 
48 
61 
1 166 
177 
153 
66 
1 161 
4 51 
52 1 
92 2 
65 
166 
57 
78 
5 158 
66 
2 49 
3 133 
2 168 
57 
177 
1 49 
2 52 
116 
89 
147 
0
3 165 
70 4 
179 2 
150 6 
150 2 
46 2 
175 
177 
176 
140 
119 
59 
179 4 
69 
58 
179 
168 
64 
64 
116 2 
205 
47 100 
150 2 
175 
58 
50 
116 
1 161 
48 
103 
180 
169 
70 82 
72 
52 
140 
158 
92 
161 
84 
46 1 
133 
50 
4 66 
2 49 
123 
153 
3 69 
51 1 
56 2 
116 
78 
64 
50 
61 
183 
123 
42 
49 
1 75 
58 
143 
119 
158 
177 
51 
177 
1 53 
42 
166 
136 
143 
69 
6 103 
153 
58 
65 3 
56 
2 106 
61 
180 
175 
123 
180 
105 
78 
50 
141 65 
89 
63 
92 
123 
158 
0
150 
0
135 
51 5 
2 165 
175 
65 
123 
176 
0
89 
175 
133 
59 
2 135 
51 
3 117 
116 
62 
123 3 
168 
66 
2 82 
180 
155 
2 62 
64 
103 
127 
79 
177 
136 
2 116 
183 
66 
1 169 
0
186 
3 176 
143 
2 59 
2 69 
35 
92 1 
116 1 
58 
175 
168 
169 3 
62 
49 
119 
133 
52 
135 
58 
46 
117 
161 
169 
171 2 
65 
133 
57 
186 
51 
123 
49 
61 
56 
96 
46 
43 
105 2 
65 4 
66 
175 
205 
117 
1 116 
133 
52 
61 
66 
136 
0
147 
72 
0
79 
69 
3 53 
143 
2 73 
58 
56 
84 2 
165 
49 
121 
51 
140 
150 
123 
56 3 
123 
4 166 
205 
3 186 
46 
64 
35 
116 
186 
177 
153 3 
183 
186 
165 
6 58 
180 
77 
58 
106 
1 205 
63 
78 63 
56 
96 
42 
150 3 
169 
140 
123 
166 
39 168 
153 2 
77 
177 
5 51 
56 1 
205 
121 
166 
65 
168 
43 1 
0
180 
133 
84 
147 
0
205 
47 
0
175 
46 5 
133 
161 
169 
1 135 
8 168 
136 
59 
140 
147 
153 
136 
35 
92 
48 
168 2 
73 4 
2 58 
3 176 
58 
158 8 
47 
49 
0
76 
158 
183 
66 
166 1 
141 2 
119 
73 
59 
127 
123 
61 
117 
39 
70 
133 4 
166 
1 66 
127 
143 
60 
3 117 
158 1 
0
59 3 
66 
1 116 
133 
76 
119 
73 
183 
89 2 
158 
66 
61 
133 2 
175 
4 51 
133 
140 
66 
141 
1 89 
180 1 
61 1 
2 141 
52 
79 
155 
158 
61 2 
0
143 
46 
177 
56 
1 64 
171 
47 
1 158 
150 3 
180 
158 1 
135 
175 1 
8 72 
116 
57 
61 
123 
66 5 
65 
49 5 
72 
60 
70 1 
47 
179 
123 
89 
92 
158 
84 
75 
56 
82 
123 
0
63 
141 
72 
49 
84 
68 
1 96 
179 
175 
155 
60 
175 
4 161 
51 
116 
177 
66 
76 
57 
171 10 
2 48 
179 10 
177 
136 1 
43 
177 
58 
4 51 
96 
177 
49 
186 
51 
155 1 
153 
50 
39 3 
61 
171 
49 
176 
133 5 
49 
64 
43 1 
171 
65 
0
60 
1 56 
136 
127 1 
6 161 
136 
75 
51 
133 
5 186 
58 2 
69 
161 
58 51 
135 
96 
177 
56 
50 
123 
1 117 
70 
78 
4 135 
183 
123 
60 
186 
155 
1 180 
60 
186 64 
51 
76 1 
4 63 
84 
147 
56 
46 
72 52 
205 
5 168 
158 
3 56 
136 2 
0
70 
72 
1 63 
47 
116 
123 
57 
183 
52 
51 
161 
60 
65 
2 49 
60 
135 
49 4 
136 
147 
4 161 
61 
49 
42 
0
56 
108 
73 
68 1 
1 73 
183 1 
123 
50 
3 51 
179 
135 
56 
0
49 
43 
63 
116 
180 
42 
66 
169 
49 
186 
70 
2 49 
140 
168 
42 
56 
108 
180 
1 75 
158 
68 
60 
205 
105 
119 
176 
56 
147 
66 
180 
61 
70 2 
78 
165 
119 
177 
136 4 
1 177 
180 2 
56 
103 
73 3 
155 
57 
60 
105 
51 
158 
39 1 
89 
51 
61 
177 
0
168 2 
79 
52 
92 2 
4 82 
68 5 
123 
66 
135 
47 177 
165 
72 3 
135 
70 4 
2 165 
61 
1 121 
58 
1 116 
65 
69 
49 
77 
177 
49 
64 
123 
0
123 2 
47 
50 
60 
49 
153 
77 
60 77 
165 
135 
73 
186 
65 
3 177 
175 
72 
46 
155 2 
53 4 
4 179 
70 
66 
0
2 171 
166 
155 
133 
168 
140 
43 
59 
133 2 
155 3 
4 177 
66 
153 1 
58 
61 4 
2 147 
70 
75 
1 119 
161 
51 
127 59 
119 3 
106 
84 2 
119 1 
169 
171 3 
48 2 
183 
3 73 
56 
39 
1 63 
51 
166 
78 
106 
65 
57 
103 
50 
56 
63 
68 5 
56 
51 
78 
127 2 
51 
135 
61 
89 
169 2 
171 
59 
116 
186 
63 
66 
135 
171 
4 183 
49 
108 
127 
171 
180 
49 
42 
169 1 
175 1 
35 
108 
166 
52 
78 
5 64 
168 
96 
68 
42 
78 
161 
9 72 
52 
166 
73 
0
161 
136 
2 79 
44 
2 103 
89 
75 
121 
43 
63 135 
3 60 
2 105 
49 
153 
180 
205 
82 
141 
161 
92 1 
147 
52 
60 2 
123 
183 
150 
77 
179 
2 65 
0
100 
105 
3 161 
171 
2 180 
186 
70 
3 165 
119 
89 2 
1 92 
166 
50 2 
143 
70 
59 
116 
75 
150 
84 
51 
155 
68 
161 
155 
52 1 
70 
60 
133 1 
119 
47 
108 
3 179 
50 
166 
183 1 
92 
153 
75 
50 
70 
70 47 
69 
58 1 
133 2 
4 116 
49 
177 
69 
56 
70 
49 
0
39 
78 
175 
2 161 
127 
52 
52 
186 
165 
1 63 
3 183 
0
65 
56 8 
89 
169 4 
166 
56 
76 
82 
183 1 
155 
44 1 
1 123 
51 
65 
2 49 
66 2 
82 
58 
42 
96 
63 
59 
46 106 
119 5 
119 3 
166 
58 
116 
3 165 
73 
176 
180 2 
183 
123 
186 1 
135 
168 
116 
61 4 
143 
96 
103 
68 
179 3 
127 
179 
0
4 57 
89 3 
2 49 
123 
89 
1 177 
92 
60 2 
183 
69 
70 2 
63 1 
77 
176 
123 
127 
123 
140 
150 1 
140 
165 
150 
84 
133 
2 177 
117 2 
153 
58 
56 
66 1 
121 
92 
136 
183 1 
177 
42 
59 
0
116 
153 
119 
119 
186 
106 
135 
66 
141 
177 
2 119 
119 
56 
183 
127 
51 
1 177 
52 1 
92 
153 
82 7 
61 
2 141 
176 
44 96 
78 4 
147 
60 46 
89 
121 
50 
46 2 
92 
108 
57 
70 
143 
0
58 
183 4 
168 
123 
82 
61 
68 7 
2 106 
103 
70 
183 
46 
52 
57 
133 1 
43 
186 
56 
140 
75 
143 
180 
140 
165 
117 
186 
65 
35 
51 
140 
75 
143 
2 166 
100 
77 
141 
169 
66 2 
51 
105 
141 
186 
47 1 
161 
65 3 
8 135 
56 
133 
84 9 
49 
179 1 
69 
75 
46 
57 
51 
66 1 
171 
2 135 
166 2 
117 1 
136 
175 3 
105 
50 3 
133 
78 
3 135 
47 
3 79 
56 
46 
1 140 
0
150 
103 
143 
73 
135 
68 7 
179 
141 2 
119 
64 
56 
141 1 
116 
49 
175 
179 
44 
4 177 
179 
50 
58 
0
43 1 
123 1 
2 48 
177 
52 
1 96 
0
135 
0
155 
7 51 
127 
133 
59 8 
123 
103 
2 177 
1 106 
68 
50 
186 
1 43 
39 2 
133 
133 
3 96 
1 117 
73 1 
56 
171 
177 
61 
150 1 
78 
127 
180 
70 
96 
177 
1 68 
135 
105 
2 168 
70 1 
3 116 
89 
161 
92 
42 
158 
70 
100 
66 
116 
168 2 
168 
183 
176 103 
123 
119 
161 
68 
116 
127 2 
52 
76 
116 
147 
49 1 
66 
121 
46 
0
205 
175 
105 1 
0
116 
165 
116 
59 
70 
4 179 
177 
63 
82 3 
116 2 
0
52 
136 4 
63 
2 89 
65 
161 
1 89 
177 
150 
123 
63 
117 
103 
127 
116 
72 
48 
50 
2 65 
179 
180 3 
177 
150 
4 65 
50 
2 106 
42 
2 140 
133 1 
176 
141 6 
2 179 
50 
123 
136 
123 
0
49 
169 
49 
175 
42 3 
58 
123 
65 
169 
69 
46 
70 2 
180 
3 58 
66 
6 147 
106 
183 
166 
155 
51 
62 
171 
0
3 117 
133 
155 
3 121 
166 
123 
2 133 
169 
108 
179 
186 
177 
44 
2 65 
75 
51 
117 
68 2 
92 
136 10 
106 
56 
158 
147 
116 
60 
89 2 
117 2 
108 
161 
82 
70 7 
177 
69 
186 1 
171 5 
205 
75 
123 
133 
9 177 
117 
166 
2 58 
76 43 
6 63 
46 2 
82 2 
75 
75 
105 
96 
166 
153 
58 
158 2 
66 1 
63 
141 
61 
76 
4 135 
58 3 
161 
2 171 
108 
64 
119 
165 
119 
180 
61 
177 
65 1 
161 
158 
165 
133 
150 
2 68 
153 
205 
133 
60 
140 
58 
49 
116 
51 
171 
62 
153 
52 
100 
171 1 
58 3 
59 
127 
186 
66 
175 
153 2 
64 
0
123 
171 
5 133 
35 
59 
150 
4 168 
0
60 
70 2 
72 1 
1 82 
79 
155 
66 2 
158 
1 69 
46 
0
56 
64 
2 140 
47 
108 
63 
61 119 
136 
161 
5 175 
50 
3 65 
96 
68 
133 5 
57 
47 108 
168 
8 79 
0
147 
176 
168 
169 
64 
73 
1 58 
66 
65 
121 4 
161 
61 1 
57 
177 
161 
56 
180 
186 
61 
0
179 
133 2 
150 
177 
133 
53 
176 
123 5 
158 
56 
133 
51 
177 
46 
75 
68 
75 
123 
135 
153 2 
116 
49 2 
168 
96 
133 
75 
117 
177 
70 2 
65 
119 
66 
58 
183 
177 
136 5 
44 
89 
166 
42 
70 2 
49 
165 
73 
60 
176 
176 
89 5 
68 
59 3 
0
183 
2 141 
153 
150 
4 155 
1 63 
63 3 
180 
183 
0
2 123 
0
177 
133 
96 3 
46 
59 3 
205 
89 5 
61 
175 
47 
58 
73 
141 
59 
89 166 
79 
183 1 
161 
84 
39 
153 
60 2 
70 
49 
63 
3 72 
6 176 
141 
64 
168 4 
72 
75 1 
180 
106 
105 
77 
5 175 
52 
158 
155 
39 
51 
171 
176 
70 
135 
47 
73 10 
123 
49 
66 
69 
4 135 
1 65 
153 3 
133 
52 2 
133 2 
47 
68 
105 
72 
78 
1 161 
0
59 
50 
123 
47 
140 
59 
2 96 
7 58 
65 
84 
0
168 
177 
106 
73 
177 
92 1 
1 82 
133 
49 
68 
1 75 
0
62 
92 1 
205 
169 
52 
49 1 
2 66 
169 
78 
48 
51 
117 
186 
3 52 
2 96 
65 
66 2 
135 
103 
49 
119 
72 
171 
117 1 
59 
133 2 
52 2 
56 3 
53 
175 
52 
175 
158 
123 1 
2 63 
117 
186 
141 
82 1 
56 
72 
2 46 
186 
84 
51 
158 
5 161 
116 
2 64 
47 3 
205 
171 
61 
161 
175 
135 
168 2 
2 75 
56 
119 3 
2 116 
92 
205 
76 1 
166 
56 2 
186 
180 
70 
65 1 
116 3 
1 161 
0
49 
117 
1 59 
72 
2 82 
58 
48 
121 
51 
150 
186 
49 
82 
65 2 
59 
1 52 
0
52 
176 
79 
57 
1 176 
127 
0
59 
59 3 
161 
105 1 
169 2 
73 
183 3 
177 
89 1 
183 
0
205 
3 47 
177 
66 
56 
84 
49 10 
150 5 
78 
108 2 
64 
60 
89 
66 
1 171 
141 
3 70 
7 177 
140 
3 165 
70 
133 2 
106 
141 
51 
60 1 
117 
4 103 
2 53 
141 
89 
2 96 
56 
133 
66 
121 
0
1 141 
143 
60 
66 5 
119 
63 7 
103 
105 
77 
171 
50 3 
121 
52 4 
3 63 
143 
68 
147 
49 
4 133 
63 
158 
58 5 
121 
150 
0
176 2 
60 2 
150 
168 
78 
1 56 
0
116 
0
108 
59 
171 
4 103 
133 
82 
106 
6 103 
123 1 
51 
70 
140 
56 
100 
57 3 
136 
50 
1 48 
168 
155 
108 
79 
65 
68 
69 
1 143 
177 1 
123 3 
58 
1 72 
177 
116 
123 
186 
72 
179 
2 175 
136 
63 
133 
1 79 
176 
50 
63 
63 
153 
82 
133 3 
72 
121 
35 
65 1 
72 
35 
50 
1 140 
92 
133 3 
69 
60 
66 
3 177 
171 
205 68 
46 
186 
49 
166 
60 66 
166 
127 
127 
116 
60 
1 51 
3 119 
169 
0
133 
65 
116 
0
3 177 
60 
147 
158 
161 
69 
168 1 
0
78 3 
153 
1 96 
153 
133 
63 
66 
183 
73 
168 
47 
105 
51 
147 
147 
180 
52 
143 
0
108 2 
59 
57 
4 65 
177 
123 
166 
79 
175 
123 1 
63 
136 
171 
186 
68 
0
82 
49 3 
121 3 
56 4 
155 1 
63 
2 56 
58 
186 
61 
175 
44 
116 
177 
133 
53 
121 
2 141 
116 
56 2 
62 
108 
39 
116 
169 
121 5 
3 179 
169 
35 1 
48 
180 
179 
165 
60 
140 
46 
153 
1 51 
1 43 
76 1 
105 2 
108 
180 
77 
183 
73 
3 165 
3 133 
136 
1 57 
123 1 
117 
3 165 
1 177 
168 3 
205 
205 
116 
1 161 
66 
76 1 
141 
46 
176 1 
171 
103 
108 
177 
60 
175 
1 177 
116 
179 
166 
2 52 
2 105 
66 
147 
84 4 
105 
171 
117 
76 4 
105 
70 1 
75 
175 
66 
180 
2 65 
169 
158 
56 
68 
66 
39 147 
143 
63 
169 
56 
1 135 
50 
63 
103 
153 4 
82 
165 
61 
77 
205 
1 143 
66 
65 
60 
153 
100 
66 
176 
51 
168 
161 
2 186 
96 
46 
1 177 
56 
65 
63 
58 
1 52 
70 
175 
175 
180 
3 143 
61 
1 165 
116 
177 
205 3 
141 
70 
47 6 
58 
143 
72 3 
0
70 
183 
205 
6 180 
77 
60 
75 
65 
119 
158 
166 
108 
56 2 
141 
168 
123 
169 
106 
70 
166 
205 
0
165 
171 
183 
186 
3 65 
176 
106 
70 1 
1 135 
70 
169 
58 
177 
158 
133 
153 
51 
183 
186 
1 147 
179 
161 
165 
147 
177 
169 1 
205 
3 64 
179 
62 
49 
64 
158 
63 
177 
50 
59 
65 
161 
65 
186 
105 
135 
65 
66 
72 
177 
158 
70 
62 
179 2 
105 
2 66 
1 168 
46 
186 
155 
53 2 
3 46 
60 
63 
3 65 
143 
61 
1 63 
49 
65 
177 
177 
147 
3 175 
183 
141 
153 
96 
179 
4 175 
205 
59 
100 
0
155 2 
61 8 
141 
150 
153 
2 72 
171 
59 4 
177 1 
3 155 
52 
186 
147 
64 2 
143 
61 1 
64 
171 2 
175 
205 
143 
1 175 
177 
119 
158 
56 
166 
61 
43 
103 
65 
56 
161 
2 186 
64 
61 
56 
63 
61 
205 
63 3 
1 103 
69 
60 
119 
127 66 
62 
153 
153 3 
127 
165 
62 
205 5 
175 1 
123 
5 161 
180 
1 169 
1 165 
179 
117 
63 
147 2 
2 121 
179 
180 4 
133 
82 
103 
168 
78 4 
63 
168 
205 
35 
46 
58 4 
78 
155 4 
116 
1 179 
175 3 
1 103 
50 
168 
1 75 
79 
183 
9 100 
70 
1 68 
205 
180 1 
171 
1 177 
2 100 
64 
166 
150 
56 
119 
116 
5 176 
49 
63 
161 
89 
66 2 
65 
135 
96 
1 179 
166 
1 106 
177 
186 
56 
143 
51 
123 
150 
89 3 
123 
147 
108 4 
205 
119 1 
49 2 
70 
147 
150 
50 
119 2 
186 
177 
123 
133 
123 
180 
6 96 
63 
65 4 
0
43 
50 59 
58 2 
75 
117 
116 1 
6 78 
2 51 
117 
2 179 
76 2 
180 
62 
70 4 
0
2 79 
78 
183 
58 
135 
116 
176 
127 
205 
127 3 
123 1 
49 
127 
150 
140 
42 
1 105 
52 
73 3 
186 
176 
177 
140 
205 
123 2 
51 
140 
44 
3 119 
176 
150 4 
62 
96 3 
133 
143 
2 64 
2 49 
79 3 
52 
119 
176 
108 
175 
140 
60 
96 
75 
72 3 
46 1 
123 1 
116 
56 
183 
0
66 1 
4 63 
73 
117 
1 48 
51 
56 
168 
153 
2 63 
127 
176 
2 79 
123 
171 3 
179 
135 
169 5 
136 
78 2 
77 
147 
44 
43 5 
117 
6 63 
183 
48 
100 
56 
61 10 
75 
1 103 
147 
0
46 
49 
5 143 
66 65 
68 
0
1 140 
76 
161 
136 
136 
3 49 
76 
1 63 
180 
60 
105 3 
153 
92 2 
177 
56 
49 
205 
175 
0
63 
106 
35 
1 59 
51 3 
64 
161 
153 
0
127 
205 
56 
171 
2 166 
64 
52 
116 
205 
1 70 
2 140 
116 
58 
61 
155 
141 175 
6 44 
4 72 
133 
0
51 2 
68 
2 50 
2 116 
50 
70 
119 
63 
0
63 
2 168 
4 70 
69 
51 
116 3 
119 
121 
141 1 
75 
106 
100 
75 
2 135 
1 49 
1 62 
127 
42 
61 
42 
57 
2 73 
0
96 
60 
176 51 
140 
166 
1 106 
4 177 
150 
76 
123 
3 140 
92 
179 
52 
2 106 
116 1 
63 
51 
136 
136 2 
133 
58 
56 
116 
1 135 
133 
2 100 
166 
52 
205 
108 
44 
1 177 
2 136 
0
72 
2 116 
176 
2 49 
169 2 
84 
84 
59 
59 
143 
155 
51 
61 1 
0
63 
108 
89 
121 
49 
2 57 
75 
100 
47 
63 
166 7 
158 
141 2 
3 51 
135 
56 
2 49 
1 186 
0
58 
3 177 
58 1 
46 3 
165 
65 
56 3 
177 
143 
5 79 
133 
136 
133 1 
183 2 
52 3 
117 
177 4 
183 
42 
58 
47 
60 1 
0
75 
3 117 
180 
84 
57 
103 
89 
3 57 
165 
153 
121 2 
52 
119 
92 2 
171 
82 
166 
169 3 
100 
46 
39 
100 
58 2 
56 
165 
103 
46 
205 2 
66 
171 
2 186 
171 
79 
135 
66 4 
66 
84 1 
123 
66 
133 
136 1 
127 
141 
106 
4 147 
51 
96 
48 
82 
51 
127 
117 3 
61 
59 
0
51 4 
1 147 
127 3 
63 
179 2 
135 
147 
64 
58 177 
3 165 
62 
161 
49 
75 
1 135 
158 
141 
136 
46 
177 
61 
57 
123 2 
175 
77 
44 
179 
161 
3 49 
1 147 
175 
60 3 
1 108 
155 
205 
180 1 
76 3 
82 
46 175 
57 
169 3 
205 
1 186 
180 2 
165 
2 183 
96 
56 
2 169 
2 135 
70 2 
56 1 
133 
165 
161 
0
179 
179 1 
66 
179 
158 3 
75 2 
1 51 
155 
68 
56 
166 2 
175 
135 165 
1 66 
150 1 
171 
65 
108 
205 
58 
0
6 168 
177 
53 
183 
169 
64 
75 
186 
169 5 
0
176 5 
177 
123 
56 
72 2 
57 
79 
176 
66 
2 168 
153 3 
63 
161 
168 
58 1 
70 1 
117 
59 
50 51 
165 
56 
46 
165 
133 3 
65 
141 
61 
0
1 177 
100 
1 63 
165 
42 
103 
42 
1 49 
69 
89 
63 
166 
108 
100 
50 
79 
89 1 
70 
2 51 
108 66 
68 96 
177 
105 
141 
0
176 
133 186 
166 
3 176 
141 
171 3 
205 
136 
1 177 
116 143 
147 
66 
166 
147 
64 
2 121 
63 
1 64 
166 
183 
119 
171 
169 
171 
1 143 
158 
123 
50 
58 
116 3 
70 
147 
75 
2 166 
103 
64 
51 3 
62 
3 155 
52 
58 
127 
183 
56 
1 176 
61 1 
177 
53 166 
177 
136 
0
70 2 
103 
2 64 
155 
147 
176 
89 2 
4 155 
176 3 
58 
169 
123 1 
179 
60 
1 64 
96 
65 
177 2 
70 
205 
0
66 
60 
186 
177 
70 
177 
89 
2 49 
166 
61 
143 
108 
50 
2 92 
177 
105 2 
183 
60 
65 
141 
46 9 
169 
186 
166 
3 57 
141 
56 
169 
168 5 
123 
179 
49 
106 
165 
49 
183 2 
166 
186 
58 
158 
116 
176 
75 
105 
180 
177 2 
183 1 
89 46 
141 
72 
2 100 
3 161 
2 136 
168 1 
56 
0
123 
75 
127 
100 
52 
117 
61 
3 140 
47 2 
60 3 
82 
108 
2 51 
117 
70 
51 
158 
0
1 62 
155 
166 
2 68 
179 
147 
2 179 
161 
61 
121 
2 46 
66 
127 
2 65 
66 
133 
57 
35 
96 
59 
4 121 
1 52 
121 
108 
58 1 
58 2 
136 
57 
50 
63 6 
175 
123 
147 2 
108 2 
155 
1 70 
1 92 
0
186 
63 
108 
2 52 
1 52 
186 
72 
4 179 
5 161 
56 
147 
169 
133 
58 
3 51 
59 
3 106 
121 
136 
2 47 
136 
52 
135 
116 1 
175 
179 
2 48 
1 177 
89 2 
117 1 
117 
171 
123 
5 143 
69 
171 
56 140 
116 
133 
175 
177 
61 
72 
82 
176 
89 1 
76 
179 3 
2 51 
57 
205 62 
51 
61 
56 
78 
171 
89 
177 
121 
63 
106 
57 
43 
1 72 
100 
165 
89 
133 
119 3 
1 70 
171 
175 
116 4 
103 
123 
165 
168 
75 
63 1 
153 
63 
52 
176 
57 
0
140 
60 3 
177 
166 
117 1 
2 143 
52 
68 
119 
141 
1 51 
176 
44 2 
5 89 
2 117 
175 
72 
0
177 
47 1 
155 
59 2 
77 
1 177 
116 
143 
123 
63 
103 
52 
0
169 3 
70 
63 
58 
177 
150 
3 165 
66 2 
52 
136 
62 
50 
76 3 
57 
63 
43 
79 
68 
58 
58 
205 5 
0
136 
66 
76 
9 116 
135 
176 
58 
165 
61 3 
1 46 
176 
165 
0
133 
73 
136 
153 
2 135 
52 2 
63 
1 108 
66 3 
58 
76 1 
155 
166 
140 
84 
0
49 
3 180 
205 
56 
3 165 
183 3 
59 
69 
66 
64 
177 
1 68 
52 
66 
183 
176 
171 
183 
57 
116 
58 
44 3 
150 
63 
60 
171 
58 
100 
63 
75 
53 
169 
141 
46 
89 3 
106 
155 
65 5 
153 
150 
2 65 
58 
169 
153 3 
153 
76 
105 
177 
177 
46 
75 
140 
155 3 
75 
56 
72 
183 1 
2 161 
183 
51 2 
155 2 
43 
75 
75 
169 
70 
62 2 
171 
177 5 
60 
56 
133 1 
169 
68 
2 50 
0
177 
64 
1 56 
46 
2 53 
176 
103 
77 
63 
47 51 
168 
0
66 
121 
205 
205 
177 
3 50 
205 
168 
3 58 
75 
158 
0
186 
3 161 
64 
82 
56 
135 
108 
135 
64 
69 
179 
78 
61 
169 
66 
205 
179 
135 
158 
84 1 
155 
141 
69 
65 
177 
100 
3 165 
72 
177 
161 
179 
180 161 
2 121 
171 
100 
175 
4 103 
63 
153 
3 161 
155 
205 
3 177 
60 2 
136 2 
5 143 
68 
49 
0
84 
175 
1 52 
79 
100 
1 169 
3 63 
58 
49 
155 
177 
147 
51 5 
4 73 
171 1 
82 
76 
179 
0
89 
75 
0
1 165 
92 
177 1 
116 
1 177 
56 
1 205 
0
150 
66 
63 
1 100 
56 
171 
177 
183 6 
8 47 
72 
186 
205 1 
76 
68 
177 
171 
61 
150 3 
2 166 
1 161 
43 
42 
82 
177 
186 
180 
105 116 
89 
60 
66 5 
186 2 
79 
140 
66 
89 
169 
44 
68 
2 168 
161 
58 
1 177 
116 
133 
42 2 
4 66 
46 4 
52 
133 
3 66 
0
78 
135 
183 
52 
57 
43 
46 140 
62 
5 63 
60 
68 4 
100 
0
161 
205 
123 
186 
133 4 
106 
79 
0
165 
136 
0
141 
51 
42 
58 
89 
180 
72 
165 
46 
205 
66 
52 1 
2 175 
116 
60 3 
58 
77 
60 63 
60 3 
108 2 
140 
143 
133 6 
0
2 186 
183 3 
1 140 
140 
42 
70 
166 
2 52 
66 
43 
56 
133 
3 69 
179 
168 1 
2 56 
2 135 
69 
121 
2 96 
3 73 
180 
140 
1 47 
2 56 
62 
175 
123 
180 3 
116 
123 
89 
180 
65 
177 
42 
1 161 
147 
1 143 
171 
127 
119 100 
175 
61 
108 2 
0
2 176 
50 1 
165 
1 60 
147 5 
135 
1 161 
49 
108 
179 
166 
66 
155 
121 
127 
205 
2 135 
150 
63 
0
96 
58 
44 
141 
6 176 
133 
68 
66 
3 140 
168 105 
180 
77 3 
46 
61 
108 
59 
92 
171 5 
66 
64 
1 66 
117 
127 
43 
46 
63 
1 103 
51 
46 1 
64 
70 
127 
123 
205 
5 143 
65 
44 
0
116 
65 4 
150 
123 
141 
2 179 
133 
123 
52 10 
52 
70 
155 
158 
0
119 
175 
79 
179 
46 4 
89 
141 
1 56 
84 
50 
158 
49 
186 
52 
49 
57 
0
5 96 
177 
3 63 
70 
108 
169 
3 51 
155 4 
59 
135 
58 5 
72 
49 4 
35 
103 
58 
56 
2 106 
171 3 
165 
66 
183 10 
179 
165 
141 
79 
49 
79 
75 
123 121 
166 
140 
158 
0
70 
72 
116 2 
66 
165 
56 
133 
3 179 
1 165 
180 
143 
58 
121 
0
171 
136 3 
65 
168 
166 
65 
150 5 
46 
176 
1 168 
1 180 
66 
153 
168 4 
133 
121 
63 
161 
66 
133 
62 1 
56 
61 
2 62 
0
161 
63 96 
78 
62 
133 3 
56 3 
175 
175 
183 5 
0
70 
161 
1 51 
0
47 
76 
123 
180 1 
116 4 
60 
63 
171 
57 
1 116 
79 
50 
1 135 
50 
147 
141 1 
60 2 
153 1 
186 
72 
183 
155 
6 169 
89 
84 
105 6 
177 
1 100 
176 
176 
43 1 
205 
1 147 
2 177 
205 
56 
171 
177 1 
73 
177 
