1.3911724090576172
1.5149116516113281
1.1425018310546875
0.8251667022705078
1.1963844299316406
1.3184547424316406
1.2371540069580078
0.7328987121582031
0.7033348083496094
0.7028579711914062
33.88690948486328
1.271963119506836
1.1866092681884766
35.227060317993164
1.3899803161621094
1.5561580657958984
1.6720294952392578
1.5766620635986328
1.4243125915527344
1.7733573913574219
1.7781257629394531
1.6007423400878906
1.8341541290283203
0.6999969482421875
1.5349388122558594
1.2869834899902344
1.245260238647461
0.7357597351074219
1.8656253814697266
1.2288093566894531
1.4014244079589844
0.7250308990478516
0.720977783203125
1.2357234954833984
1.4963150024414062
1.1229515075683594
1.4159679412841797
0.81634521484375
1.283407211303711
1.5964508056640625
1.5857219696044922
1.1949539184570312
0.7891654968261719
1.3248920440673828
1.5208721160888672
1.4564990997314453
1.3651847839355469
1.3210773468017578
1.7516613006591797
1.238107681274414
0.7143020629882812
1.5194416046142578
1.2743473052978516
1.2912750244140625
1.8088817596435547
1.512765884399414
1.5592575073242188
35.34698486328125
1.459360122680664
1.4183521270751953
1.56402587890625
1.7418861389160156
1.8684864044189453
1.1250972747802734
1.2371540069580078
1.3191699981689453
1.5218257904052734
1.3742446899414062
1.363992691040039
1.7709732055664062
1.3718605041503906
1.5053749084472656
1.298666000366211
1.5022754669189453
1.4505386352539062
1.2388229370117188
1.338958740234375
1.1622905731201172
1.5215873718261719
1.2822151184082031
1.1425018310546875
1.1737346649169922
1.4128684997558594
1.4319419860839844
1.2454986572265625
1.2469291687011719
1.2712478637695312
1.3129711151123047
1.2364387512207031
0.8358955383300781
1.4138221740722656
0.8370876312255859
154.0696620941162
1.3852119445800781
155.75909614562988
275.53772926330566
149.39188957214355
215.1801586151123
287.6608371734619
35.4313850402832
160.09259223937988
218.4004783630371
150.10619163513184
270.0936794281006
1.4793872833251953
216.40253067016602
1.6741752624511719
203.4447193145752
166.85795783996582
287.0306968688965
1.3327598571777344
1.6181468963623047
51.177024841308594
199.5382308959961
224.06744956970215
1.3086795806884766
222.86009788513184
35.429954528808594
35.19606590270996
209.78450775146484
149.91068840026855
1.321554183959961
210.94775199890137
236.38486862182617
153.95760536193848
1.4219284057617188
