22 
90 
111 
94 
103 
116 
35 
111 
24 
34 
95 
29 33 
29 4 
36 1 
99 
43 
44 
35 
94 
111 2 
88 
89 
32 
49 
85 
68 
106 
89 
90 
68 
1 49 
1 87 
29 4 
46 
99 4 
41 
1 88 
1 36 
1 46 
42 
5 36 
107 
84 
87 2 
6 94 
31 
61 2 
57 
3 90 
4 22 
91 
35 
22 
68 
61 
88 
90 
1 43 
36 2 
82 2 
57 
111 
36 
86 
2 64 
44 
42 
85 
4 59 
85 2 
89 
95 53 
92 
35 
41 46 
98 
68 
91 
92 
95 
1 26 
42 
64 
91 
35 
116 
31 2 
60 
40 
87 
83 1 
68 1 
31 1 
38 
36 
99 
26 
36 
111 
64 
31 6 
46 
44 
26 
1 94 
24 
92 
27 1 
4 106 
58 
41 
89 1 
90 
40 
111 
106 
32 
86 
60 
2 29 
35 
35 
33 
36 
1 37 
44 
36 
82 
85 
42 
1 59 
4 31 
26 
94 1 
92 
90 
92 28 
31 
89 
85 
22 
37 
92 
36 
60 
34 
58 
49 
1 87 
86 
95 
36 
57 
91 
60 
49 
106 
27 
26 
85 
56 
24 
47 
1 25 
68 
84 
33 4 
2 56 
41 
88 
90 
85 
30 
99 1 
37 1 
86 
89 82 
2 86 
35 
92 
36 
98 
87 
36 64 
1 63 
57 
84 
89 
98 
47 83 
36 38 
2 37 
68 
33 
89 2 
98 
36 
103 
60 
42 
95 
89 
46 1 
33 
91 
103 
53 
3 41 
1 19 
30 
46 
83 
56 
47 
103 
33 2 
90 
84 4 
29 
3 42 
36 
86 
111 2 
87 2 
107 
29 1 
63 
3 41 
43 1 
29 
33 5 
68 1 
99 
2 28 
92 
1 98 
38 
63 2 
1 90 
44 1 
111 
68 4 
1 90 
49 2 
98 
68 
36 
84 6 
86 2 
33 
84 
95 
37 
99 2 
92 
92 
37 
3 61 
37 85 
1 37 
2 98 
92 3 
2 40 
43 
31 3 
32 
107 
82 
5 45 
103 2 
28 
85 
28 
68 
33 
106 
2 107 
87 
85 3 
41 
91 
29 
58 
58 
26 3 
2 89 
1 41 
85 
91 
35 
29 
1 35 
92 
33 
60 
91 
94 3 
63 
98 
57 
29 
91 
58 2 
60 
85 1 
57 
89 
29 
33 
90 
92 
87 2 
37 4 
88 
107 
83 
1 64 
31 
1 107 
37 
32 3 
49 1 
36 
86 37 
37 
63 2 
30 
26 
38 
103 1 
91 1 
111 1 
91 1 
49 
103 1 
84 
44 
37 
94 
26 
57 
90 2 
57 
103 1 
2 87 
111 3 
89 
2 85 
40 
22 
92 
106 
90 
36 
99 1 
36 
87 3 
31 
82 
38 
2 92 
92 
89 
38 
90 2 
36 
85 2 
28 
89 
1 83 
91 
29 
68 2 
46 
29 
44 
32 
63 
37 
98 
2 89 
1 37 
68 
35 
89 
82 
34 90 
90 
31 
46 
60 
95 
88 
41 
32 
99 
103 
33 
85 
86 
68 
90 
59 
31 
58 
31 
1 89 
61 2 
89 
82 3 
106 
84 
33 44 
36 1 
106 2 
95 
88 
83 1 
68 
35 
59 
2 28 
83 
94 
91 
26 1 
84 
1 64 
38 
82 
39 
43 
84 53 
68 
31 
1 95 
41 
88 
107 
90 
3 116 
83 2 
94 
90 
111 
4 26 
85 
37 
111 
31 
58 
103 
91 
40 
98 
64 
61 
107 
1 39 
88 
2 47 
84 
99 1 
68 
90 
39 
35 3 
89 
3 90 
1 38 
2 95 
2 92 
46 
7 92 
36 
99 5 
90 
1 31 
33 2 
85 
91 
33 
87 1 
1 85 
28 
92 
2 83 
35 37 
1 33 
85 
87 
87 
36 
86 1 
1 92 
43 
28 
64 
86 
26 
29 
85 
94 2 
90 
33 
46 2 
91 
87 
29 2 
37 
82 
92 
47 
2 37 
37 
35 
1 63 
86 1 
89 
32 
60 
26 
33 
116 
68 2 
83 
116 
68 
88 
2 29 
37 
99 
92 
33 
85 
92 
116 
103 3 
3 45 
90 
34 
45 
89 
64 
30 2 
103 
103 
106 2 
44 
59 
24 
1 84 
1 40 
33 1 
42 
24 
2 92 
29 
24 
31 
31 
107 
56 
88 
31 
87 
91 
35 1 
89 
4 40 
92 
26 
1 92 
47 
2 32 
85 
2 95 
6 33 
44 
26 
60 
1 87 
98 
63 
19 
83 
24 
26 
99 1 
1 42 
42 
35 
2 91 
30 
37 
32 
3 95 
32 1 
84 2 
56 
106 
36 
1 29 
89 
31 
85 
90 
116 
116 
44 
33 
46 
35 
68 
31 
5 92 
3 26 
39 
85 
29 1 
89 
89 
87 
92 
68 
4 90 
106 
46 1 
56 
29 
45 
59 
41 
103 
86 2 
61 2 
68 
106 
36 
36 
89 
37 
36 1 
33 
89 
87 
28 36 
61 1 
86 
38 
3 22 
1 84 
28 
30 
60 
33 1 
49 
63 
42 
49 
46 2 
2 56 
89 
37 
87 2 
106 2 
1 68 
89 
1 41 
86 
94 
33 1 
57 
103 3 
103 
29 
63 2 
85 
30 
85 
37 
106 
32 
26 1 
1 95 
32 1 
42 
27 1 
36 1 
84 
88 
116 
83 1 
47 95 
85 
92 
46 
26 2 
26 
98 
84 
41 
29 1 
68 29 
44 
32 
98 
1 28 
1 87 
36 
38 
31 
88 
49 3 
87 
36 
85 
91 
94 
39 
99 
60 
53 
92 
37 
92 
32 
58 
1 32 
35 3 
3 107 
37 
88 49 
35 
57 
53 
2 24 
60 
91 
41 
29 
4 59 
85 
86 1 
87 2 
106 
3 44 
86 31 
36 
44 
116 
63 
1 106 
107 
82 
91 1 
1 29 
2 43 
44 
19 
85 
99 
61 
1 88 
36 
87 
1 68 
87 
90 
94 
90 
33 
61 
106 
91 
30 
106 
36 
1 63 
37 
90 2 
31 
60 
40 
92 
83 
82 
2 94 
59 
92 1 
83 
82 
99 
1 40 
103 
68 
95 
103 1 
98 
26 
39 
1 88 
82 
47 
87 
33 
95 
46 
43 
86 
94 
89 
111 88 
98 
3 44 
90 
35 1 
68 2 
103 
116 
85 
111 
37 
27 
41 
61 
37 
38 
85 
32 
2 106 
87 
90 
91 
38 
22 
1 24 
36 2 
40 
84 
86 
86 
89 
37 
3 82 
107 
1 106 
1 90 
92 
37 
86 
68 
29 
1 39 
24 2 
68 
29 
92 
86 
94 
37 1 
90 
88 
25 
94 
82 
92 
4 106 
111 
1 90 
88 2 
26 1 
107 
88 
60 3 
3 26 
2 43 
28 
84 
30 
89 
44 
19 
116 
26 
30 
37 
47 3 
92 
95 
106 
89 
30 1 
4 35 
106 
61 
47 
91 
26 1 
35 3 
32 
60 
111 
103 
106 
92 
45 
91 
41 
35 2 
3 91 
107 
87 
116 
111 
19 2 
31 
26 
89 
86 
42 
89 2 
36 
103 1 
28 
59 
47 
53 
89 
116 
61 
58 
58 
85 
42 
46 
2 89 
91 
39 
60 1 
35 
1 34 
103 
1 46 
26 1 
88 
82 
85 2 
107 
92 
64 
37 
92 2 
82 
87 1 
84 
58 
1 87 
1 91 
42 
44 
89 1 
33 5 
68 
85 
26 
91 
60 
32 
32 1 
87 
37 
1 64 
91 
106 
27 2 
92 
40 
94 
29 
94 
1 64 
46 
86 
84 
35 
36 
33 
106 
92 
58 
1 106 
68 
37 3 
2 86 
90 
85 
37 
92 
1 28 
92 34 
84 
91 
1 107 
33 
1 107 
33 
26 
47 
33 
95 
3 28 
3 98 
84 
92 
2 98 
53 
82 
37 
85 
68 
111 
82 
36 
82 
92 
107 
106 
32 
116 
92 
94 
89 
82 
61 
85 
88 
91 
37 
1 28 
1 106 
63 
88 
1 38 
35 
59 3 
22 
98 
37 
111 
92 1 
2 37 
31 2 
35 2 
22 
1 106 
84 
89 
42 
92 
1 106 
26 
37 
84 
64 
103 
91 
44 
92 
35 
92 
94 
31 
82 
85 
2 53 
91 
90 
92 
36 1 
90 
32 
1 91 
36 
36 
86 
32 
1 35 
86 
95 
45 
44 
2 95 
92 
41 
90 3 
2 56 
1 45 
2 91 
57 4 
90 
90 
87 
92 4 
90 
61 1 
68 6 
63 
28 
68 
3 49 
1 107 
63 
86 
28 
41 
2 36 
30 
87 
84 
107 
45 
116 
29 
29 
29 
92 
107 
1 92 
38 4 
41 
33 
68 
90 
1 85 
111 
99 1 
41 
26 
91 
37 
85 1 
87 
99 
106 
92 
95 
111 
5 89 
34 
84 
25 90 
1 53 
86 
46 
37 
91 
87 
85 
92 
90 
92 2 
31 1 
89 
106 
86 
85 
26 
3 116 
111 
37 
1 19 
1 90 
88 
61 
1 33 
68 
85 
85 1 
85 
90 
2 92 
45 
2 35 
89 
22 
58 1 
111 
106 
1 84 
29 42 
33 
45 
58 
68 
86 3 
29 
68 2 
99 
33 
83 
29 
68 
44 3 
47 
92 
98 
1 42 
87 
99 1 
41 
35 4 
61 
60 
85 
35 
38 
47 
68 
98 
89 
85 1 
91 
42 
3 98 
86 2 
35 
98 
95 
1 106 
111 2 
37 
89 
107 
53 
87 
2 63 
86 
1 36 
111 
68 
60 1 
41 
116 
87 
30 
92 1 
32 1 
26 
60 
46 
89 
33 
44 
24 
92 
26 
33 
45 
61 82 
92 1 
2 24 
36 3 
92 90 
37 
1 68 
90 
1 41 
2 88 
90 
107 
85 
39 
90 
88 
111 
35 1 
38 1 
64 
42 
82 2 
37 
42 
1 32 
89 
43 
90 
1 61 
90 
26 
35 28 
44 
5 41 
1 37 
59 1 
60 
92 
38 
38 2 
35 
111 
2 44 
92 
64 
28 
41 
92 
49 
35 
85 
47 2 
87 
1 92 
61 
33 
68 4 
85 
82 
46 
85 
3 63 
84 
91 
85 
92 2 
26 
106 
68 
92 
32 
89 
2 28 
63 
29 1 
103 5 
86 
26 
103 
60 
61 
92 
37 
36 
63 
106 1 
116 
45 
111 
94 1 
59 
37 
84 2 
37 4 
31 
89 
1 82 
46 2 
91 
60 
89 
90 
89 
36 
98 
39 
60 
28 
47 1 
86 
32 
92 
44 
82 
85 
83 
61 
28 
61 
99 
36 
37 
1 91 
88 
32 
90 
57 64 
1 64 
57 2 
38 
2 46 
22 
94 
32 
111 
116 
25 
116 
91 3 
82 
86 
37 5 
33 
1 41 
2 56 
1 95 
63 
35 
2 39 
26 
29 
86 
94 
85 
92 26 
90 
35 
37 
92 
98 
92 
58 2 
82 2 
33 1 
43 
42 
64 
106 
85 1 
28 
98 
98 
84 
24 
56 
2 60 
49 
44 
91 
60 
26 2 
37 
46 
90 
89 
37 
106 
42 
26 41 
33 
106 3 
59 
94 
111 
3 92 
37 
88 
68 1 
36 
36 
87 1 
111 
84 
35 1 
35 
90 
90 
107 2 
44 
36 
26 
89 
103 90 
1 89 
28 
3 42 
1 68 
1 37 
106 
2 90 
60 
68 1 
26 
89 
68 
68 
1 85 
2 56 
22 
35 
1 107 
94 1 
82 1 
40 
90 
56 
86 
2 82 
2 29 
40 
58 
116 
89 49 
35 
36 
40 
39 
87 
1 94 
57 
82 
27 3 
91 
33 
106 
2 85 
29 2 
35 2 
49 24 
83 5 
90 
35 
1 116 
29 
83 
35 
35 1 
92 
92 
33 
37 
106 
29 
2 64 
106 
85 
1 107 
116 
1 30 
94 3 
35 
82 
98 
106 
84 
92 
32 
95 
92 
44 
103 3 
58 
2 89 
38 
87 2 
89 
116 
68 
42 
92 
42 
107 
37 
47 1 
1 85 
89 
36 32 
103 
41 
36 
1 30 
2 64 
86 
57 
45 
37 
37 
1 68 
68 
42 
36 
35 
44 
91 
95 
36 
30 
37 2 
37 
63 2 
1 68 
90 
84 
92 
37 
60 
1 37 
106 
87 2 
106 
68 1 
29 
85 1 
38 
61 
60 
46 
84 
68 
56 
92 
41 
37 
1 92 
7 59 
63 
43 
103 
106 
47 
46 
68 3 
1 84 
107 
98 
27 
35 
99 
37 
46 
90 
1 87 
44 
92 
46 
82 
46 1 
84 
85 1 
2 116 
2 38 
107 
24 2 
89 
84 
84 3 
85 
106 
53 
116 
2 86 
85 
84 
86 
37 
1 63 
1 107 
33 
92 
84 
32 
25 1 
2 63 
82 
99 
41 
24 
84 
30 
98 
30 
41 
92 45 
111 
106 
37 
33 2 
98 
90 
116 
2 88 
60 3 
92 
32 
24 2 
44 
31 
86 
2 25 
84 
68 
32 
90 
60 
86 2 
82 
42 
29 
58 
37 1 
36 
26 
29 
106 3 
37 2 
36 
39 1 
44 
1 68 
31 
68 
95 
44 
60 
60 
29 
60 1 
106 
88 
89 
37 
68 2 
98 
95 
1 28 
26 
26 1 
2 43 
87 42 
29 
84 
31 
43 
92 
84 
99 3 
57 
86 
82 
35 1 
60 
99 
40 
28 
90 
1 107 
91 
92 
116 
94 
106 
49 
84 2 
98 
92 
22 
1 116 
107 
38 
33 
2 35 
37 2 
98 
82 
29 
38 3 
1 34 
87 
91 
33 1 
25 
49 1 
3 44 
106 2 
3 89 
61 
86 
2 36 
91 2 
3 87 
68 5 
95 
111 
2 91 
83 
92 
3 44 
41 
64 
86 
84 
1 47 
84 
103 
82 
88 
59 
87 
59 
4 90 
95 
68 1 
2 64 
91 
35 
111 
47 
1 89 
95 
37 
41 
99 
26 
47 42 
44 1 
1 106 
61 
107 
37 
84 1 
82 2 
85 
92 
44 
37 
36 
63 
30 
42 89 
35 
84 
92 
103 32 
37 
29 
37 
68 
29 
91 
44 
56 
26 
89 
2 59 
2 90 
107 
59 
2 68 
43 3 
89 
87 
1 89 
38 
89 
2 84 
49 
36 
89 
89 
90 4 
35 
91 
26 
47 
36 
44 
89 
2 90 
84 
92 
63 
4 91 
86 
4 89 
56 
49 
2 95 
56 
2 56 
1 30 
85 
32 2 
28 
92 
83 
92 
92 2 
89 
90 
53 
1 107 
19 
59 
1 82 
94 
90 
49 
47 
61 
103 
36 
63 
30 
89 
1 90 
85 106 
111 
89 
41 
37 
36 
60 
28 
29 
30 
1 30 
37 
99 
91 
32 
33 
1 45 
98 
33 
46 
99 2 
1 106 
46 
87 
26 2 
90 
68 
64 
33 
4 98 
2 89 
2 35 
28 
33 
60 
88 5 
36 
2 26 
28 
47 
37 1 
36 
90 
84 
6 33 
1 95 
34 
92 
60 
35 
86 
44 4 
35 
36 2 
85 
40 
89 
116 
4 63 
36 
53 
1 32 
88 
1 90 
26 
28 
2 29 
44 
107 
106 
49 4 
89 1 
26 
59 
56 
85 
103 1 
32 
92 
99 
43 
89 
2 82 
86 
68 
37 
87 1 
24 
44 
30 
46 1 
63 
31 29 
86 
91 4 
103 82 
4 56 
91 
49 
60 2 
92 
103 
38 
53 
2 84 
1 98 
82 
31 
92 2 
89 
107 
3 95 
60 
26 
91 
83 
36 
92 
1 107 
89 2 
30 
22 
59 
68 
90 
95 
68 
63 89 
29 
29 
68 
57 
49 
27 
40 1 
37 
29 116 
64 
46 
36 
92 7 
3 98 
37 
35 
106 
91 
2 58 
32 1 
107 
36 
45 
116 
91 3 
111 
33 
86 
89 
24 
26 2 
44 
86 
1 53 
86 
92 
33 1 
84 2 
1 90 
111 
32 
43 
1 39 
1 59 
27 
107 
1 89 
29 1 
82 
36 1 
90 
35 
36 
68 2 
3 32 
33 
36 2 
68 
36 
30 
90 
106 
1 90 
90 
47 
56 
83 3 
91 
36 
90 
56 
92 
37 
68 
37 2 
68 3 
3 60 
90 
92 1 
84 
36 
94 
106 
86 
91 19 
91 1 
37 4 
88 1 
106 
26 
87 
58 
95 
92 
47 
35 1 
90 
83 
85 
92 
95 
1 63 
91 
32 
83 
46 
37 
60 
87 
82 
2 25 
2 33 
111 
43 
68 
30 4 
68 1 
92 
89 
2 59 
106 
2 92 
3 98 
1 49 
47 2 
106 
116 
26 
33 3 
94 
1 85 
1 39 
1 95 
111 
42 
58 
106 
26 3 
36 
1 44 
85 
85 
33 
95 
19 2 
2 37 
90 
3 46 
106 
5 32 
33 
98 
91 
36 
36 
107 
107 
45 
1 89 
1 106 
22 
68 
116 
64 
94 
47 
47 2 
107 
84 1 
82 
60 
92 4 
33 
35 
26 
86 
57 2 
85 
83 
85 
91 3 
106 5 
42 
106 
29 2 
24 
26 
87 
2 82 
4 111 
106 
2 82 
1 91 
68 
68 2 
29 
89 
2 26 
1 46 
27 
45 
1 116 
1 59 
116 
25 
106 
37 2 
86 
31 
92 
37 
2 85 
92 
37 
56 
4 38 
68 2 
92 2 
103 1 
42 
29 
40 
106 
37 
90 
27 
53 
42 
47 
61 
1 90 
47 
85 
47 
63 4 
89 
106 
6 25 
106 
1 44 
103 
89 
84 
47 2 
31 
37 
22 
36 
32 
49 
60 1 
91 3 
33 
89 
85 
94 
87 
92 82 
6 103 
31 
84 
91 
83 
95 
92 2 
2 107 
33 
94 2 
35 
33 
1 22 
58 4 
84 3 
99 
92 
33 
41 
90 
1 47 
111 2 
106 
35 
33 
85 1 
44 
89 
92 
36 
36 
1 34 
2 30 
58 2 
84 
89 
87 
33 53 
68 
38 2 
32 2 
90 
37 1 
36 1 
88 
22 
86 
84 
82 
37 
33 
84 
33 
82 1 
33 
89 
36 1 
53 
28 
1 106 
2 59 
86 
42 
90 
99 2 
33 2 
37 1 
33 
92 
92 
4 31 
90 
92 
29 
35 
116 
92 1 
31 
99 
82 
68 
85 
85 
35 3 
116 
89 
87 
35 
38 
111 
49 
57 1 
4 32 
90 
68 
68 
95 
45 
89 
57 2 
44 
99 1 
30 
32 3 
84 
35 
26 1 
85 
42 
2 111 
68 
91 
60 
38 
1 84 
85 
2 64 
33 
60 
111 
86 
98 
1 68 
4 59 
116 
1 85 
27 1 
36 
33 
111 1 
85 
86 
1 82 
85 
86 
85 2 
35 
1 106 
68 
1 98 
39 
2 42 
1 28 
94 
86 
106 
68 
38 
22 
57 
31 
58 
36 
111 36 
90 
2 26 
38 
29 
87 
33 
35 
90 
36 
85 
29 5 
31 
34 
64 
92 2 
90 
2 89 
44 
106 
92 3 
95 
85 
103 
64 
90 
94 
92 1 
92 1 
33 
32 
36 
90 
2 95 
58 
43 
87 
85 
91 
99 
37 
34 
57 
60 
99 
84 1 
1 116 
3 98 
106 
26 85 
61 2 
94 
28 
85 
58 
47 
94 4 
43 
92 
84 2 
44 
1 39 
37 3 
91 
91 2 
26 2 
36 
38 
68 
103 
4 45 
29 2 
33 
44 1 
82 
92 
29 
53 
28 
85 
85 
32 
85 
87 
26 2 
33 2 
92 
88 
1 83 
40 86 
36 
84 
46 
95 
2 107 
92 
30 1 
92 2 
44 
116 
1 25 
88 
31 
82 
41 
45 
33 
46 
83 2 
89 
92 
92 
32 
90 
116 
68 
33 1 
57 
32 2 
58 
3 107 
82 
111 
107 
26 
98 
30 
38 
1 38 
89 
107 
37 
90 
57 
53 
26 
33 
2 86 
35 
99 
26 
92 
92 
29 
60 
88 
106 
106 
107 
2 32 
85 1 
85 
1 32 
37 
4 85 
116 
36 
92 
36 
111 
37 
4 94 
87 
26 
34 
87 
92 91 
2 32 
37 2 
87 2 
89 1 
106 3 
86 4 
89 
85 
95 
85 
85 
92 
37 
89 25 
38 2 
88 
4 46 
99 
2 37 
91 
26 
92 
99 
28 
89 
106 
36 
1 116 
84 
68 1 
36 2 
38 
57 
34 
92 
92 
28 
2 31 
106 
92 
26 1 
1 107 
84 
89 1 
92 
1 83 
106 
82 
47 
46 1 
87 
85 
60 3 
58 
90 
83 1 
34 
94 
60 1 
36 4 
89 
37 86 
3 32 
82 
85 2 
31 3 
22 
2 84 
37 
82 3 
68 
32 
35 
41 
89 
98 
85 
41 
33 4 
87 
89 
32 
90 
84 
36 
90 
106 
2 59 
1 82 
37 
3 82 
91 
85 2 
85 
33 
46 
57 
26 1 
1 106 
4 85 
88 
68 2 
91 
44 3 
89 
94 
92 1 
92 
29 
83 
85 
92 2 
106 
92 
53 
35 4 
44 
90 
2 56 
89 1 
90 
92 
83 2 
89 
68 2 
44 
1 88 
94 
26 
26 
94 
28 
1 45 
6 95 
58 3 
32 
91 
26 
85 2 
36 
36 
92 
2 116 
26 
106 
92 3 
111 
44 
56 
89 
37 
31 
36 
19 
37 
33 1 
35 
37 
33 
26 
111 1 
91 
47 
83 
3 
37 1 
82 
60 
86 
85 1 
87 
39 
60 
106 
44 
59 
1 92 
58 
30 
35 
41 1 
35 4 
47 
36 1 
58 
1 92 
32 
28 
33 82 
43 
90 
39 
90 
33 
1 26 
33 
47 1 
29 3 
85 5 
2 84 
60 
92 
1 37 
99 
36 
29 
83 
46 
85 
41 
43 
92 
1 106 
1 89 
92 
106 
33 90 
82 
85 
103 
39 
35 
87 1 
106 
85 
24 
31 
44 
88 
94 
90 
35 
63 
84 
60 
58 
31 
91 2 
33 
44 
1 89 
88 
33 
37 
88 2 
82 
35 3 
1 98 
63 
46 
3 30 
57 
1 45 
37 
99 1 
1 32 
32 
90 
46 
90 
99 
90 
26 
99 
2 111 
60 
28 
86 
111 
85 
46 
92 
86 
87 
36 1 
92 
88 1 
84 
36 3 
63 
92 
87 1 
33 
2 44 
88 
1 98 
1 90 
47 
37 
95 
53 
92 3 
36 
36 
31 
89 1 
42 
86 
85 
4 116 
2 82 
99 2 
89 
30 
34 
44 
44 
84 
2 39 
60 4 
3 106 
33 2 
103 
4 32 
64 
35 
32 
1 107 
36 
90 
45 
111 
84 
44 5 
35 2 
4 36 
36 2 
92 
87 1 
94 
1 107 
68 
90 
19 
6 91 
27 
90 
36 
26 
90 
85 
87 
2 22 
1 28 
87 
87 
89 
82 
98 
28 
3 98 
92 
26 
33 
57 2 
111 1 
2 90 
87 2 
36 
58 
36 
35 
103 
111 
31 
92 
90 
86 
87 
32 1 
31 
92 1 
85 
5 107 
90 
103 1 
29 
41 
88 4 
106 1 
82 
33 3 
68 
87 
26 1 
36 
1 35 
1 42 
31 26 
92 
43 
37 
1 34 
1 82 
83 
28 
82 
38 
85 
86 
43 
31 
103 
91 
94 106 
37 
111 2 
103 1 
92 
47 
44 
28 
89 
107 1 
92 1 
44 
28 
37 
2 53 
1 85 
88 
91 1 
32 
28 
1 92 
92 
2 84 
64 
32 
33 
89 
33 
3 89 
92 
3 98 
88 
46 
44 
28 
106 1 
44 
29 
99 1 
90 1 
35 
90 
85 
1 37 
3 92 
36 1 
41 
58 
53 
31 
87 
25 
37 1 
82 
86 1 
36 
1 53 
33 
42 
37 
2 89 
1 33 
91 3 
1 90 
82 
2 45 
35 
36 
83 
87 
88 
91 
1 43 
1 106 
43 
60 
57 
91 
30 
84 
94 3 
33 
84 
82 2 
90 
84 
95 
22 
92 42 
36 
83 
37 2 
26 1 
43 
2 
92 
85 
35 1 
106 
33 
19 
111 
89 
64 
45 
61 
3 28 
61 1 
83 
68 
91 
103 
68 1 
95 
86 1 
98 
84 3 
86 1 
89 
33 
26 
29 
88 
44 
85 
85 
1 106 
84 
86 
84 
111 
88 
111 
106 
49 
3 106 
95 
45 
33 1 
34 
1 94 
82 1 
98 
29 
35 
82 
85 
85 
31 
85 
87 
92 1 
45 
103 
85 
28 
89 
87 
89 
35 1 
5 107 
84 
85 
103 
85 
99 
68 
87 
89 
111 3 
37 
89 
82 
35 
92 
88 
82 
107 
85 
1 98 
33 
92 
59 35 
60 
92 
90 4 
37 
89 
95 
116 
68 
3 32 
28 
26 
1 85 
35 
32 
60 
2 116 
60 36 
44 
85 
82 
61 
1 91 
87 
35 
37 
94 1 
34 
103 
1 90 
68 
106 
103 2 
92 
39 
99 
37 
84 
29 
47 
26 
68 
30 2 
85 
116 
89 
35 
111 
1 91 
4 98 
91 
116 
91 
92 1 
19 
90 
36 
32 
106 
29 
64 
22 
85 3 
64 
86 
35 1 
103 
92 
90 
85 2 
1 106 
89 1 
116 
92 
45 
91 
35 
106 
99 1 
2 28 
89 
116 
2 38 
33 
3 82 
86 
37 37 
99 
1 44 
85 
3 89 
29 
32 
22 
28 
89 
90 
94 
49 
87 
92 
86 
92 
84 
111 
2 107 
33 
61 
85 
116 
33 
89 2 
86 
91 
46 
33 
37 2 
85 2 
68 
29 1 
37 
1 92 
36 
90 
7 106 
92 
43 
82 
36 
29 
32 
56 
89 
33 
26 1 
107 
2 44 
58 
84 
90 
84 
63 
68 
86 
87 
89 
91 
2 98 
84 
60 3 
36 
57 
26 
60 
2 35 
40 6 
91 
87 
38 
26 
90 
47 2 
1 53 
111 1 
89 1 
68 
1 44 
47 4 
37 
44 
25 
87 
40 42 
68 
3 33 
36 
2 90 
92 
86 
98 
84 2 
86 
60 2 
92 1 
2 82 
24 
116 
46 
36 
3 116 
40 
37 
1 37 
83 
86 
106 
2 35 
26 1 
44 
111 
95 
33 
83 
28 
61 
99 
89 
68 
88 
33 
58 
37 
60 1 
98 
92 1 
42 
19 
84 
1 90 
42 
31 
94 
84 
33 
31 
2 33 
58 
82 
87 
85 
29 2 
43 
103 
38 
1 95 
111 
82 
83 
30 
87 2 
116 
1 90 
36 
38 2 
33 
83 
2 85 
98 
53 
60 
31 
33 
88 
85 
106 
38 
2 30 
31 
37 
95 
60 
89 
90 
34 
85 
3 53 
33 32 
35 
64 
33 
116 
24 
83 
3 86 
1 91 
90 
68 
42 
1 111 
83 
28 
33 
103 1 
85 
85 
94 1 
35 
33 
90 
38 2 
85 
2 68 
29 
22 
116 
68 2 
28 2 
84 
1 94 
26 1 
68 
85 
106 
2 116 
89 
26 1 
116 
92 
31 
35 
89 
85 1 
57 1 
106 
32 
85 
91 
33 
39 1 
107 
33 1 
103 
87 
26 
46 
5 35 
85 
106 
4 90 
26 
85 
84 
36 
32 
37 
84 92 
47 
91 
99 1 
26 
89 
2 90 
1 86 
35 
68 
92 
90 
47 
92 
91 
92 
99 
64 
91 
92 
41 
64 
2 98 
37 
87 
3 24 
25 2 
86 1 
68 
33 
98 
89 
68 3 
92 
33 
22 
31 1 
87 
89 
103 
63 
44 
57 
32 
6 59 
26 1 
4 49 
33 
22 
92 
27 
33 
43 
1 32 
87 
4 86 
107 
64 
57 2 
30 
44 
2 38 
95 
99 
5 107 
91 
85 
30 4 
82 
37 
68 
36 
1 42 
98 
86 
36 1 
47 41 
1 103 
116 
89 
83 
2 35 
57 
33 
36 
39 
68 
1 36 
92 
94 
1 106 
86 89 
85 
47 
90 
106 
92 
26 
111 
86 
33 
1 44 
63 
111 
88 
37 
98 
107 
107 
64 
86 
34 
53 
106 
1 86 
47 4 
46 
57 
37 
44 3 
94 
89 
90 
83 
85 2 
92 5 
106 2 
68 
68 
60 1 
1 29 
2 63 
35 
60 3 
44 1 
58 
37 
94 
90 
68 
68 
34 
92 
60 
68 
83 
32 
37 
29 
1 46 
87 1 
92 
111 
89 3 
82 2 
33 
88 
95 
2 111 
89 
1 59 
37 1 
116 
61 2 
44 
26 
92 1 
1 33 
92 
35 
37 
36 
1 32 
89 
111 
83 
33 
33 
29 
91 
31 1 
92 
68 
92 1 
60 
2 33 
33 
68 
92 
103 2 
63 116 
87 
40 
37 
60 
61 
2 89 
85 
90 
39 
26 
36 
36 3 
99 
68 
47 
31 
1 44 
89 
116 
26 
89 
116 
46 
57 
3 32 
90 
22 
106 
88 44 
64 
87 1 
85 4 
106 
111 
34 
68 
103 
89 2 
32 
33 
59 
56 
63 
90 
56 
87 
91 
86 
33 2 
57 
90 
107 
37 
95 
37 
103 85 
85 2 
90 
1 86 
1 33 
116 
84 33 
24 
32 2 
82 
30 
33 
99 
47 
33 1 
84 
91 
42 
32 
85 
47 26 
1 92 
84 
87 
68 1 
87 
85 
53 
1 68 
35 
35 2 
90 
86 
90 
99 
64 
46 
5 91 
91 
92 
95 
31 
33 
29 
85 
90 
35 
84 
83 
116 
33 1 
111 
82 
1 59 
33 
27 
1 24 
46 
106 
92 1 
90 
82 
92 
91 
92 
94 
31 
26 
35 
63 
33 
88 4 
90 
106 5 
86 
33 2 
116 
1 34 
92 
82 
33 
29 
2 41 
92 
49 
28 
40 
60 3 
36 
90 
68 2 
68 
111 
84 
1 106 
3 32 
38 1 
90 
99 4 
111 
85 
84 1 
1 49 
1 22 
92 26 
87 
1 42 
35 
89 2 
60 
84 
92 
99 
29 
31 
83 
111 
32 
3 116 
85 
95 
90 
25 1 
87 1 
91 
1 64 
111 1 
60 
68 
26 1 
2 84 
1 106 
35 2 
1 30 
90 
86 
92 
86 4 
44 
32 
60 7 
38 2 
38 
35 
86 
36 
32 
84 
82 
1 37 
89 
91 
46 2 
1 92 
1 90 
82 106 
90 
92 2 
5 90 
38 
35 
1 89 
36 
87 
98 
85 
59 
36 
94 
3 90 
99 
68 6 
111 
61 
91 
57 
84 
106 
38 1 
90 
98 
82 
26 
83 
37 
44 
68 
68 
26 4 
1 82 
35 
26 
36 
30 
68 
60 
87 82 
99 
90 
86 
85 
85 
36 2 
32 
26 
84 3 
89 
4 30 
2 45 
27 
36 
37 
29 
116 
44 
86 2 
91 2 
1 85 
33 
30 2 
37 3 
92 88 
31 
60 
37 
5 91 
86 
1 106 
89 2 
44 2 
107 
116 
87 2 
85 1 
1 87 
91 
58 1 
33 2 
88 41 
26 
85 
46 
1 107 
98 
3 90 
61 
3 42 
47 
91 3 
29 
116 
94 2 
5 33 
36 
91 3 
2 60 
91 
83 
37 
94 
1 32 
87 
33 
83 
87 
2 87 
47 
32 
103 
35 
99 
41 
99 
60 
53 
68 
92 
44 98 
60 
94 
85 
68 
36 4 
98 
33 
82 
1 41 
27 1 
1 41 
1 33 
61 1 
60 2 
68 
26 
22 
30 
60 
92 
90 
91 
27 1 
37 
89 
91 
32 
1 42 
89 
90 
32 
24 
33 
36 
1 37 
32 
53 
68 
99 38 
41 
91 2 
60 1 
90 
44 
44 
35 
92 
94 26 
68 
87 
83 
32 
39 
99 1 
91 
103 
92 
68 41 
3 88 
2 106 
90 
84 
40 
92 1 
87 
68 
36 
85 
98 
59 
37 
90 
84 
33 
99 
32 
38 
36 
92 
92 
91 
29 
87 3 
106 
37 
24 2 
84 
92 
30 1 
103 
47 
84 84 
33 1 
89 
58 
103 
95 
111 2 
2 86 
57 1 
59 
107 4 
85 
88 
99 
35 
89 
37 1 
26 
89 
85 
56 
90 
38 3 
89 
57 1 
30 
2 116 
3 44 
82 
85 
47 
83 1 
116 
90 
38 
84 
85 
35 
84 
89 1 
89 
83 32 
82 
42 
90 
1 44 
91 
87 
68 2 
86 
92 
116 
28 
29 
42 
89 
36 
68 
44 91 
56 
86 
83 
89 
2 90 
1 92 
1 63 
111 
1 87 
84 
33 
57 
87 
2 64 
89 
37 3 
36 
28 
42 
63 2 
37 
106 
1 92 
86 2 
53 
32 
37 1 
59 
56 
90 
106 1 
91 1 
28 
98 
91 30 
85 
32 3 
92 2 
87 
35 3 
106 1 
3 63 
90 
41 
56 
116 
98 
26 
31 
99 
94 
89 
37 
2 63 
28 
60 
47 
56 
116 
99 
98 
37 
90 
39 
30 
90 
92 
91 
92 
88 
86 2 
4 36 
92 
31 
29 
57 
1 92 
89 
84 
92 25 
103 
31 
35 
82 
33 4 
36 
35 2 
116 
26 
87 
37 
86 
92 
99 
92 1 
90 
36 
60 
87 
33 
61 
1 26 
58 
26 
37 
24 
68 
36 
92 
38 
2 87 
2 32 
22 
84 
92 
1 107 
1 89 
33 1 
89 
92 
2 82 
42 
33 2 
37 
4 33 
83 1 
32 
88 
58 
36 
92 
95 
94 
24 
68 
1 45 
59 
84 
103 
2 89 
26 
106 
33 
89 
37 
1 82 
86 
3 59 
36 
2 106 
61 
53 
85 
87 
37 
84 
42 2 
1 84 
83 
46 
2 32 
111 2 
35 
4 92 
26 
33 2 
85 
30 53 
47 
68 
89 
44 2 
92 
36 
85 
37 
19 
33 
92 
28 90 
91 
98 
29 
90 
2 33 
1 85 
95 
46 
86 
1 45 
56 
34 
106 
1 44 
2 41 
44 
36 
103 3 
68 
37 
90 
64 
1 89 
106 
92 
107 
88 2 
92 
90 
92 
91 
82 
99 
47 
49 
89 
29 
56 
1 53 
89 
87 
4 37 
1 116 
85 
89 
64 
86 106 
82 
1 107 
85 
107 1 
39 
85 
85 
103 
33 
99 
1 37 
111 
98 
84 
33 
90 
6 42 
42 
82 
92 
2 83 
116 
85 3 
90 
87 1 
106 
5 92 
3 89 
85 
29 
98 
37 
92 
1 90 
2 91 
89 
106 
92 
26 
56 
86 2 
49 
33 2 
60 
36 
59 2 
38 
68 
92 2 
92 
83 
44 
26 
29 
31 2 
84 
2 32 
29 
58 
60 1 
2 41 
90 
30 
3 26 
2 42 
106 
2 61 
49 
84 1 
3 44 
37 
41 
43 
47 
4 68 
37 
90 
92 
49 
29 
92 
103 
92 
84 
2 82 
99 
37 
4 41 
2 53 
107 
42 
33 
1 34 
111 2 
92 
68 1 
82 
89 
103 1 
2 26 
45 
82 
63 2 
94 
35 
87 
45 
89 
1 89 
89 
91 
90 
53 
116 
1 41 
1 41 
26 
82 
116 
37 
85 
32 
91 
2 86 
3 37 
68 1 
68 
57 1 
87 
29 
37 
37 
90 
68 1 
83 
31 1 
46 
99 
68 
89 
2 90 
82 
33 
98 
33 
31 1 
35 2 
60 
85 92 
28 
89 3 
89 
87 
35 1 
3 90 
95 
107 
2 95 
53 
91 
1 90 
107 
33 
91 
111 
32 4 
3 29 
92 
32 
34 
40 
29 
85 
36 
89 116 
107 
89 
83 58 
98 
92 
88 
28 
89 
46 
3 36 
85 43 
87 
30 
89 
37 
98 
61 
3 40 
106 4 
82 
47 3 
2 90 
85 106 
1 89 
27 
92 
92 
33 
38 
103 
47 
111 
39 
84 
31 
1 92 
85 
36 
1 107 
83 
36 
2 56 
29 
60 
86 1 
90 
94 42 
44 
89 
85 
33 
92 
68 1 
103 
37 
87 
89 
2 98 
47 
47 
86 
30 
31 47 
91 
85 
46 
1 32 
64 
92 
37 
89 
98 
92 1 
64 
24 
89 
89 
25 2 
2 58 
84 2 
86 2 
107 
26 
92 2 
82 
90 
92 
82 
85 
60 
26 
90 
35 
94 3 
99 
106 
92 
64 
91 1 
25 
1 34 
89 
2 36 
106 
2 68 
60 
29 
37 
98 
82 
30 2 
37 
92 
68 
61 
26 
43 
59 6 
41 
22 
2 89 
107 
45 
91 
89 
40 
26 
38 
35 
32 
106 
26 
88 2 
116 
30 
89 
92 
64 
44 
2 111 
29 
37 
28 
33 
44 
68 1 
47 
111 
57 2 
2 39 
107 
46 
68 
1 44 
99 
26 
103 
64 
41 
32 
27 32 
35 
85 
94 
28 
87 
49 
92 
106 1 
29 
1 89 
33 
86 
92 
2 98 
87 
44 
44 
1 98 
82 
43 
86 6 
1 107 
92 
36 
90 
30 
44 
35 2 
90 
87 2 
37 
32 
41 
92 2 
3 116 
33 
68 1 
37 3 
92 
3 36 
94 
90 
2 64 
84 
92 
2 41 
46 
92 1 
49 
36 
1 106 
89 
116 
87 
60 
37 
41 
26 
92 1 
91 
84 
82 
2 56 
86 
103 
90 
2 29 
89 
57 
82 2 
1 90 
82 
82 
61 
103 3 
88 1 
30 
37 
3 56 
44 
1 34 
87 
4 116 
32 
92 
41 
87 
61 
106 
41 
1 85 
91 
87 
94 
2 92 
83 
2 106 
89 
24 
3 56 
42 2 
2 36 
106 
32 1 
29 
56 
1 85 
26 3 
85 
89 
42 
94 1 
35 
32 
111 
6 38 
111 
30 
37 
92 
89 
60 
64 
36 
92 
44 
88 
37 1 
1 87 
116 
33 2 
31 
86 
106 
26 1 
85 
36 
89 
92 
47 
44 
60 
47 
111 1 
36 1 
36 
68 
89 
3 37 
1 68 
46 
1 91 
95 
90 
107 1 
35 
41 
2 95 
61 
32 
91 
29 
89 
33 
106 
68 
90 
111 
37 
36 
103 
29 3 
84 
43 
95 
68 
68 
24 
24 1 
1 26 
4 85 
91 
33 
44 
82 
106 
61 
28 
28 
33 4 
29 
86 91 
106 
90 
1 56 
3 82 
82 
87 
31 
1 22 
1 37 
1 106 
53 
53 
37 
116 
106 
35 
89 
87 
86 
60 
47 2 
26 
88 
94 4 
63 
33 
1 85 
31 2 
28 
44 
28 
47 
1 89 
40 
3 35 
82 
45 
33 
106 
2 94 
38 111 
106 
103 
2 83 
1 60 
106 
33 
60 1 
98 
35 
35 
2 106 
2 90 
87 
68 2 
89 2 
90 
42 
90 
26 85 
1 82 
2 33 
1 87 
2 106 
3 90 
86 
98 
37 
46 85 
94 5 
82 
41 1 
57 
86 1 
85 
28 
90 
45 
37 42 
92 
90 
99 
83 1 
91 
1 89 
3 82 
92 1 
92 
35 4 
3 30 
94 1 
4 89 
31 
86 
2 22 
35 
68 
89 
60 3 
29 
90 
106 
107 
42 
107 
107 
90 4 
33 1 
107 1 
26 
1 32 
82 
41 
90 
106 
37 
68 
106 
59 
44 
85 
90 
84 2 
88 
107 
5 68 
60 
40 
58 
37 
60 
29 
111 
88 1 
60 
82 
59 3 
2 89 
29 
87 3 
2 30 
98 
86 
92 
30 5 
26 
32 
92 1 
30 
68 
4 95 
82 
85 
95 
47 
87 
82 
85 
84 
35 
33 
36 1 
84 
58 
26 2 
87 
1 37 
26 
107 
3 86 
106 90 
1 91 
1 32 
2 92 
103 2 
92 
106 
37 
87 
36 
32 
26 
103 
84 
32 
57 
98 
86 
2 22 
38 
24 
86 
36 
91 
59 
46 1 
44 
49 
1 29 
4 95 
92 1 
88 
43 
91 
1 85 
95 
1 36 
32 1 
30 
25 
57 1 
68 
1 89 
37 1 
91 
86 
82 
35 
36 
89 
88 
1 64 
4 86 
106 
33 
85 
86 2 
64 
91 1 
60 
49 
44 
26 
84 
59 2 
5 29 
88 
2 46 
98 
4 35 
60 
29 
1 92 
82 
84 
1 45 
37 
84 1 
95 
85 
61 
61 
95 
98 
92 1 
86 
84 
86 
46 1 
116 
60 
86 
42 
89 2 
92 
36 
36 
33 
84 
92 
116 
37 
35 
44 
30 
91 
38 
86 
58 
1 86 
84 
36 
30 
68 
106 
32 
37 4 
44 
87 
68 
92 
47 
94 
37 1 
31 2 
98 
87 
37 
92 
58 
88 
3 90 
26 
86 
45 
1 30 
90 
29 
39 
3 42 
2 92 
92 
89 
2 90 
68 
31 
2 31 
68 2 
84 2 
91 
1 63 
89 
46 
2 29 
90 
68 82 
68 
1 89 
68 
85 
111 
37 
32 
1 107 
103 
28 
5 90 
33 
116 
26 4 
33 
106 
92 
35 
92 1 
90 
92 
43 
90 
60 
89 
90 
61 1 
22 
89 
39 
89 1 
92 3 
84 
40 
30 
56 
91 
38 
87 
35 
106 
37 4 
85 
19 
94 
3 82 
94 
47 
89 
92 
53 
31 
84 
92 
29 
1 89 
86 
99 
27 2 
99 2 
36 
1 111 
1 106 
92 
31 
26 
38 
88 
29 
32 
57 
85 
29 
103 
1 85 
83 1 
2 53 
106 
88 
30 
49 2 
46 
5 42 
83 
42 
84 
47 
30 
94 
32 
84 
85 2 
85 
89 
26 
30 2 
37 
47 92 
92 
106 
60 
116 
84 1 
103 2 
103 
1 63 
90 
116 
33 
39 
37 1 
68 
82 
107 
37 
90 
4 32 
2 29 
37 3 
116 
28 
33 
64 
106 
47 
88 
91 
33 1 
106 
1 92 
86 
36 1 
1 90 
68 
35 
35 1 
89 2 
39 
99 1 
92 
116 
26 1 
29 2 
64 
86 
29 
2 61 
84 
26 
1 107 
82 
106 
68 
29 
24 4 
43 2 
60 2 
59 
47 
25 
1 56 
89 
95 
29 
30 
37 
37 6 
63 
4 53 
92 
6 85 
36 92 
37 2 
92 
64 
44 
116 
49 1 
86 
40 4 
47 
87 
37 
107 
3 86 
2 64 
85 
82 
84 28 
82 
84 
103 1 
98 
29 
44 
91 
24 
37 
111 
106 
89 
84 
86 1 
36 
61 
92 2 
60 
111 
103 
39 
116 
2 89 
33 
106 
87 
87 
83 
98 
45 
2 29 
35 
99 
1 90 
1 94 
68 
3 106 
86 
99 1 
85 
22 
82 
107 
1 46 
68 
58 
90 
33 
99 1 
36 
3 26 
111 
35 
2 83 
36 
46 
95 
99 
103 
85 
1 44 
1 32 
38 
86 
2 107 
2 63 
37 
47 
63 
91 1 
91 
35 
86 
84 
24 
46 
45 
56 
82 
107 
59 
60 
56 
106 
46 
36 
32 
24 
49 
83 
37 
44 
56 
82 
26 
32 3 
38 
44 
32 
95 
33 
33 
59 
92 2 
37 
29 
1 26 
2 22 
46 
98 
91 
58 
35 2 
85 
4 29 
99 
38 
1 28 
87 1 
2 90 
56 
87 
92 
85 
26 
86 2 
4 90 
1 38 
84 1 
32 
2 26 
32 
4 86 
92 
27 1 
92 
90 
91 
37 
87 3 
64 
2 29 
27 
32 
92 
86 
3 89 
49 3 
98 
91 1 
56 
111 
68 
92 
59 
31 
4 106 
82 
89 
106 
22 
2 28 
32 
86 
44 2 
85 
32 
46 2 
59 
28 
40 1 
95 
92 
35 92 
82 
60 
111 1 
106 
2 33 
37 
1 116 
37 1 
32 
29 
92 
35 
24 
3 49 
88 
4 95 
26 
38 
29 
37 
85 
26 2 
26 
106 
3 64 
33 
38 
38 
1 42 
37 3 
90 
92 2 
46 
64 
42 
64 
1 92 
92 
46 
89 
24 
87 2 
103 107 
27 2 
57 
85 
32 
88 
32 
26 34 
95 
42 
33 
116 
88 
106 
87 
31 1 
2 63 
99 
36 
29 
106 
26 1 
95 
59 
4 85 
89 
45 
35 
92 
90 
47 
25 
85 2 
32 
24 
89 
99 
87 
82 
33 
3 98 
89 37 
92 
31 
1 86 
26 
90 
106 
94 3 
90 
47 
85 4 
87 
61 
90 
87 
90 
103 
36 
90 
44 
46 
57 2 
31 2 
85 
106 
57 1 
26 3 
68 1 
106 
92 1 
92 
99 
1 82 
31 
63 
6 40 
26 
86 
63 
60 
36 
99 
95 
1 35 
35 
84 
1 33 
1 42 
86 
95 
1 24 
43 39 
42 
2 82 
90 
86 
2 82 
87 
37 
46 
35 
68 
1 35 
32 
91 
91 
32 
86 
44 2 
57 
1 38 
22 
36 
36 
94 1 
46 
3 42 
30 24 
89 
32 1 
1 47 
87 1 
68 
38 1 
87 
43 
106 
107 3 
19 
1 42 
111 3 
87 
35 1 
116 
89 
36 
86 
34 
82 
92 
32 
47 
2 98 
63 
35 
1 46 
103 2 
106 1 
91 
42 
26 2 
89 
33 
33 
1 90 
47 
41 
85 
64 
36 
26 
33 
35 
84 
83 
89 
37 
2 30 
3 42 
59 
106 
94 2 
95 
90 
26 
37 
32 
1 68 
82 
89 
24 
44 1 
106 
92 
90 
92 1 
82 
92 1 
59 
1 56 
26 
91 
2 107 
44 
1 41 
111 1 
111 
29 
36 
33 1 
84 
1 106 
26 5 
37 2 
89 
28 
3 39 
61 
44 2 
86 
1 95 
44 
1 116 
60 
4 85 
88 
103 
111 
85 
92 
92 
89 
82 
22 
4 91 
2 85 
90 
26 
1 36 
1 56 
82 
82 
4 90 
99 
99 
90 
92 
82 
116 
68 
106 
86 2 
4 107 
2 106 
92 
88 1 
92 
47 
30 
116 
57 
1 32 
33 
32 
90 
87 
92 
2 61 
53 
33 
94 
37 2 
2 106 
92 
106 
106 
111 
26 1 
85 
86 
1 36 
90 
45 
33 
43 
1 41 
92 
103 
91 
94 
30 
32 
2 107 
36 
89 
47 2 
90 
42 
33 
84 1 
111 1 
60 
87 
85 
6 86 
26 
33 
35 
2 30 
26 
85 
2 95 
84 
95 
1 35 
33 2 
41 
53 
35 2 
36 2 
2 59 
86 2 
87 
29 3 
35 
68 2 
36 
33 
2 58 
90 1 
4 31 
26 
92 
95 
83 
106 
2 22 
103 
27 
86 
85 4 
1 85 
41 
84 
2 49 
92 
84 
3 59 
26 
1 84 
59 
94 
92 
61 1 
84 
33 
2 32 
1 106 
44 
35 
42 1 
87 
91 
90 1 
30 36 
56 
61 
2 37 
3 106 
46 
32 
46 3 
92 
68 
83 
1 92 
84 
47 
3 32 
90 
1 56 
61 
58 
29 
107 
37 2 
2 61 
91 
40 
103 
84 
3 89 
1 24 
37 2 
30 
44 
86 
4 87 
84 
91 1 
37 
99 
106 
2 68 
85 
36 
85 
5 32 
38 
59 
99 
2 85 
94 
106 
87 
83 
82 3 
2 82 
89 2 
89 
7 83 
26 
2 116 
1 95 
3 56 
31 
90 
35 1 
94 
57 
1 90 
1 116 
86 
111 
2 90 
82 
82 
88 
111 
87 
98 
29 
99 
46 1 
1 56 
30 
3 107 
99 
59 1 
64 
2 89 
37 
106 
68 
42 
29 
87 
107 
44 
32 
35 
1 37 
85 
91 4 
106 
32 
82 
37 
60 1 
33 
116 
103 
30 
84 2 
35 
2 106 
89 
61 
41 
103 1 
39 2 
31 
19 
3 106 
53 
87 
19 
43 
36 1 
91 
87 
83 
22 
103 
47 1 
107 
33 
88 
94 
68 
37 
82 
92 
38 53 
53 
37 
83 2 
29 
26 
89 
35 
63 
34 
89 
2 32 
87 
26 1 
103 
85 
99 
30 
41 
33 
86 
82 
82 
90 
4 89 
2 35 
40 
47 
103 
1 89 
1 92 
63 2 
89 
30 
86 
29 
99 
1 90 
86 
35 
1 28 
47 1 
107 1 
90 
6 25 
87 
82 
29 
1 63 
56 
99 
116 
26 1 
1 89 
46 
4 63 
90 
44 
106 2 
2 63 
91 
1 90 
26 4 
30 
58 
33 
36 
31 
36 
89 
36 
45 
47 
85 3 
99 2 
41 
90 
34 
33 
68 
106 
68 
3 36 
30 
35 1 
90 
37 
103 
32 
98 
37 1 
32 2 
85 
53 
6 92 
49 
41 
53 
68 
30 
68 
68 
90 
91 
33 
68 
1 37 
83 
103 
89 
41 
60 
36 
25 
116 
1 92 
37 
86 
116 
91 
85 
116 
111 
2 111 
85 
37 1 
5 43 
53 
58 
46 
92 
29 2 
47 2 
42 
41 
37 
29 
31 
2 32 
58 
4 53 
92 
85 
95 
1 92 
116 
1 107 
1 46 
85 
28 
82 
49 
90 
92 
3 32 
37 
103 1 
26 
60 
91 
2 94 
1 58 
87 
84 
86 
85 
99 2 
91 
29 
3 32 
2 41 
33 1 
68 
60 
6 39 
90 
116 
24 
90 
46 
38 
92 
37 
2 91 
57 
36 
31 
103 1 
87 
103 4 
36 
63 
59 
33 
85 1 
25 
30 
2 84 
36 
33 
94 
95 
33 2 
84 2 
36 
30 
40 1 
4 33 
44 
1 49 
37 
42 
56 
32 
83 
92 
3 28 
89 
36 
95 
68 
95 
47 2 
1 90 
29 4 
35 
41 
60 
1 60 
87 1 
33 
92 
106 
26 
1 107 
33 
84 1 
99 1 
92 
33 3 
37 
68 2 
86 2 
90 
89 
95 
26 5 
28 98 
92 2 
64 
57 
26 2 
88 
91 2 
40 
89 
29 
1 106 
37 
85 
92 
42 
2 28 
106 
85 
1 36 
111 
92 
83 2 
2 94 
30 
26 1 
99 
44 35 
83 
36 1 
29 
30 5 
46 
90 
32 
40 
34 
1 116 
68 
91 
33 
95 
58 
1 98 
89 
41 
2 35 
91 
33 
95 
116 
91 
61 
46 
89 
82 
92 1 
107 
92 
36 
85 
89 
94 
45 
1 91 
1 37 
37 7 
27 1 
24 
1 40 
46 
47 1 
1 95 
28 1 
92 1 
68 
1 87 
27 
91 
91 32 
84 
36 
44 
22 
