137 
154 
160 
152 
52 
170 
2 58 
155 3 
67 
59 
155 
52 
132 
2 154 
175 
71 
149 2 
142 
3 142 
155 
147 
156 
59 
66 
84 
155 
161 1 
73 
160 
175 
52 2 
4 93 
2 156 
74 
64 4 
61 
160 
73 4 
71 
73 
56 2 
160 2 
156 
9 156 
2 142 
52 
115 3 
93 
133 
5 142 
167 
85 
60 
49 
115 
156 
154 
151 1 
64 155 
93 
61 
54 
3 151 
83 
81 
64 
148 
98 57 
71 
142 
160 
94 
64 
71 
85 
73 3 
155 
142 
149 
2 60 
97 
83 
2 155 
152 
52 
52 2 
84 
61 
158 
120 
146 1 
2 51 
73 
5 61 
84 
2 61 
94 
155 
67 
160 3 
71 
81 
52 
142 
67 
162 
49 
52 
151 
57 
137 
95 2 
58 
149 
55 
46 
98 
101 
2 48 
66 
64 
53 
152 
49 3 
112 
74 
120 
148 
95 1 
3 85 
50 
48 
61 1 
146 
150 
142 
52 
50 
157 
154 
62 
156 
120 
155 
148 
2 98 
66 
156 
157 
149 10 
54 
61 
152 
98 
66 
55 
81 
57 
149 
84 
67 
60 
58 
133 
85 
175 
147 
150 1 
149 
160 155 
148 
137 
5 159 
4 67 
148 
149 
142 
53 
73 
74 
47 
53 
83 4 
100 
93 
137 
149 
85 
3 152 
3 159 
3 44 
58 112 
1 112 
149 
149 
160 155 
158 
64 
49 
170 
48 
1 61 
54 
133 
155 
95 
63 
57 
149 
152 
51 
85 
55 
2 51 
133 
156 
133 4 
8 81 
56 
155 4 
3 159 
160 
52 2 
120 
162 3 
162 8 
85 
149 
55 
1 100 
44 
159 
47 
1 71 
94 1 
3 160 
142 
57 1 
160 
94 4 
1 154 
66 
84 2 
73 
1 149 
83 
2 59 
64 1 
170 2 
149 
156 
159 
156 
49 
60 
115 
2 149 
162 2 
51 
175 
120 158 
149 
2 51 
115 1 
142 
160 
48 
1 97 
2 158 
73 
84 
60 
94 
49 
167 
160 2 
162 
150 
61 
155 
73 3 
137 
85 
3 137 
142 
63 
157 
49 
48 1 
49 
49 8 
142 
74 
101 
132 
152 1 
100 
61 
64 
100 
57 
101 
148 
93 
156 
142 
59 
154 
142 
58 
142 2 
95 
160 
152 
101 3 
51 
4 60 
60 
56 3 
66 
67 
157 
60 
2 100 
2 51 
3 61 
2 73 
3 158 
158 2 
155 
2 100 
66 
158 
85 
67 
162 
61 1 
53 
115 
154 3 
93 
84 
2 159 
2 46 
149 
2 148 
58 
49 
142 
1 161 
49 
61 
49 
74 
162 2 
167 1 
150 
51 
3 159 
162 4 
149 
167 
1 160 
59 
3 149 
73 
1 156 
2 132 
132 
159 
73 3 
71 
54 
58 
156 
71 
67 
151 147 
142 1 
170 
112 
160 
66 
100 
2 44 
133 1 
93 
71 
151 
57 3 
95 
4 63 
54 
159 
155 
167 
1 157 
157 
112 
154 
85 
51 
137 
51 
81 4 
2 156 
156 
150 2 
44 
160 3 
1 51 
61 
167 
149 
147 
152 
5 73 
53 
84 
60 
60 
100 
56 
98 61 
49 
83 
52 1 
56 
50 
132 
150 1 
146 
81 
3 149 
160 
84 
160 3 
133 
95 148 
152 5 
64 
160 
156 
1 53 
149 
154 
160 
58 
85 
73 3 
132 
58 
2 151 
2 156 
51 
160 
50 
147 
85 3 
149 
49 3 
112 
160 
4 61 
120 3 
142 
157 1 
52 
48 2 
120 1 
6 67 
175 
94 3 
64 3 
154 
58 
1 48 
61 
132 
58 
1 159 
67 8 
44 
175 
142 
54 1 
133 1 
157 
3 156 
2 167 
4 56 
157 3 
162 
148 
156 
61 
154 
2 53 
159 
148 
142 
159 
50 
61 
71 
162 2 
64 
148 
64 
159 
73 
4 62 
161 
66 
94 2 
151 
154 
1 59 
155 1 
57 2 
51 
62 
73 161 
64 5 
67 
54 
2 147 
64 
44 
61 1 
52 
71 
157 
157 
160 3 
158 
97 
132 142 
59 
52 1 
71 
156 
148 
158 
156 
5 167 
58 
98 
170 
1 137 
1 58 
2 51 
49 4 
85 
162 8 
52 
146 
52 
58 
160 
57 
147 
97 
73 
155 
64 
156 
58 
142 
59 
142 
73 
3 149 
55 
149 2 
2 59 
64 
170 
160 
156 
151 
1 132 
2 156 
132 
155 
60 1 
159 3 
53 156 
49 
67 
162 3 
132 3 
60 
57 
4 149 
49 3 
156 
84 
167 2 
74 
1 59 
161 
159 
49 
160 
53 
101 
156 
156 
51 
120 
3 73 
52 
156 
3 53 
84 
149 
4 155 
149 
149 
159 
142 
157 
160 
157 
2 160 
3 161 
71 4 
97 
67 
61 
158 
1 151 
115 1 
73 
97 
167 
48 
142 
156 
57 
146 4 
142 
158 
159 
142 3 
93 
146 
58 
49 1 
2 137 
64 
148 
151 
133 
156 
100 4 
49 
55 
156 1 
161 5 
142 
55 
61 1 
2 167 
2 142 
2 142 
60 167 
52 
142 
55 6 
6 93 
1 55 
158 
56 
1 100 
157 
148 
149 2 
55 
161 
46 
47 
4 149 
56 6 
150 3 
44 
59 
1 61 
85 
149 
149 
2 51 
170 2 
150 
156 
1 61 
47 
59 
2 84 
156 
61 
120 
94 
81 
56 
49 
2 175 
2 71 
150 
71 
52 
95 
149 
159 
74 
157 
93 
142 
62 
61 
61 4 
95 
2 159 
161 
48 
161 
137 
59 
66 2 
147 
156 
1 147 
53 
59 3 
160 
67 
44 
57 
55 
64 
98 
148 
53 
156 
161 
53 2 
2 56 
74 
71 
160 
94 
8 167 
59 
54 
2 132 
48 
1 132 
58 
149 
142 
159 
115 
3 147 
53 1 
2 156 
10 112 
132 
133 
149 
2 50 
64 
161 
155 
98 
167 
2 142 
55 100 
55 
3 160 
51 
98 3 
156 
155 
94 
61 2 
64 1 
98 
2 97 
152 
64 
1 159 
158 
63 
94 
149 
1 155 
151 
51 3 
50 
147 6 
57 
59 
61 
156 
1 147 
61 
71 
157 3 
142 
64 
5 147 
151 
3 112 
133 
1 54 
74 
158 
170 
149 
156 
62 
52 
162 
115 
2 84 
158 
149 
161 
161 
156 
67 
156 
52 
132 
67 
1 53 
50 
1 160 
157 
157 
156 
154 
64 1 
170 2 
1 161 
3 160 
162 
142 
146 
2 175 
48 167 
67 
57 
152 
1 52 
175 
146 
142 
60 
132 
149 
57 
142 
151 
156 
167 
53 7 
133 4 
53 
61 47 
160 
95 
148 4 
59 
2 158 
60 
147 
151 
52 
57 
156 
170 5 
61 3 
51 
167 
73 3 
1 58 
149 
159 
156 
59 2 
1 53 
167 
115 
167 
132 
61 1 
8 53 
147 
101 
61 
158 
159 
162 67 
97 
158 
1 51 
152 
2 155 
155 3 
156 
55 
155 
1 62 
8 48 
137 
57 156 
146 
157 
44 
57 
158 
67 
98 
73 
95 
1 142 
71 
115 
148 
85 
150 
159 
157 
156 
132 
2 71 
133 
59 
66 2 
59 
158 
3 71 
60 
3 147 
120 4 
157 
83 
61 
61 
4 60 
156 
148 
2 167 
84 
151 
156 
5 155 
97 
58 
2 137 
62 1 
73 
60 1 
59 
3 155 
53 
61 
170 
156 
55 
160 
54 
1 161 
58 
142 
58 
100 
64 
54 
101 3 
71 
61 
156 
67 
132 
1 84 
159 
142 
85 
55 
112 
98 
4 156 
150 
146 
61 
156 
148 
1 156 
156 
59 
160 
61 
160 3 
149 
57 
52 
156 
48 
157 
49 
170 
58 
55 
170 
54 
62 
2 142 
73 
155 
150 2 
57 
98 
162 2 
160 
161 
57 
61 
155 
133 
156 
120 1 
50 
148 
147 
132 3 
60 9 
53 1 
9 142 
73 
67 
62 
64 
98 
49 
1 49 
162 
155 
156 
2 62 
2 159 
64 8 
137 
2 167 
155 
1 97 
46 
60 2 
3 58 
47 
2 60 
156 
1 83 
1 158 
162 
81 
53 
6 146 
157 
55 
156 
154 60 
157 
155 2 
132 
1 62 
156 
4 61 
101 2 
46 
162 
151 
74 
148 66 
147 
66 
161 
149 
112 
57 
149 1 
156 
61 
154 
59 9 
5 97 
152 8 
84 3 
84 
133 
159 
155 
160 
2 151 
64 
100 
73 
73 
133 3 
71 
64 
161 
44 
63 
2 149 
57 
158 
1 137 
160 
56 
62 
64 
3 48 
58 
142 
160 
162 
133 
133 
59 
2 146 
154 
157 
155 
159 
162 
48 
61 
44 
148 
71 
159 
161 
162 
1 149 
160 
156 
59 
156 2 
4 142 
95 1 
156 
61 
55 
167 
73 
157 
162 
150 2 
2 159 
52 1 
149 
161 
148 
157 
47 
170 
155 
56 
149 
49 1 
147 
93 
64 3 
157 
149 
157 
61 
160 
162 
156 
4 159 
149 
49 
59 
155 
97 
149 
52 
133 
73 
85 
85 
157 51 
48 
2 112 
84 
64 
159 
159 
94 
57 1 
85 
175 
151 
53 1 
159 
100 
133 
4 54 
115 
155 
148 
48 
55 
162 
94 
151 
151 
61 
67 
151 
157 
49 
84 
61 
2 161 
1 53 
156 
64 
160 
95 
5 156 
132 
59 
56 
155 
133 
101 
63 
170 
2 156 
49 
159 
4 74 
159 
170 
71 
149 
51 
81 
4 147 
3 156 
51 
51 
97 
49 1 
67 2 
56 
159 
62 4 
112 
133 
1 61 
4 147 
146 142 
160 
157 
73 
67 
147 
155 
54 1 
3 160 
67 
49 
150 3 
2 156 
3 100 
157 2 
149 
71 
154 
161 
94 
47 
64 
81 2 
5 61 
3 71 
98 
101 
71 
156 
52 1 
48 
155 
57 
175 1 
67 
5 151 
61 
66 
159 
149 
85 156 
159 
1 155 
115 
51 2 
1 156 
55 
49 3 
74 
54 
50 
157 8 
74 
157 
159 
61 
1 156 
155 
156 
46 
81 
44 1 
100 
3 159 
1 52 
157 
59 
60 
160 
115 2 
175 
55 
61 
100 
73 1 
71 
161 
155 
142 
157 
52 
137 
55 4 
56 
161 
150 2 
1 60 
61 
84 
161 
133 
149 
61 
151 
50 1 
148 
60 
60 
161 
56 
162 
133 
150 2 
84 1 
152 
50 
52 2 
115 
84 
132 
3 156 
155 
147 
59 
55 
83 3 
83 5 
58 
52 
101 
148 
152 
161 
155 
60 
55 
61 
152 1 
150 
157 4 
2 160 
149 
63 
66 1 
93 
159 
64 
50 
48 
61 
161 
152 
149 
1 155 
9 49 
84 
52 
175 
150 
175 
85 
150 
55 
71 
47 
61 
167 1 
157 
155 
151 
151 
4 137 
67 
56 
84 
66 
58 4 
132 
59 
98 1 
44 
61 
160 
55 
137 
156 
49 2 
63 
64 
167 3 
98 
142 
156 
4 156 
55 
147 
64 1 
64 
53 
1 167 
155 
156 
2 54 
49 
2 154 
133 
83 
81 
53 
61 
2 149 
52 
55 
60 
5 156 
112 
3 167 
155 
160 2 
52 
175 3 
4 53 
112 
2 112 
55 
161 
84 
159 
66 1 
2 71 
152 
61 
162 
154 
137 
146 
154 4 
120 1 
73 
85 
170 1 
155 
64 
55 
58 
50 2 
156 
2 74 
115 
150 
160 
158 
55 
55 
3 142 
64 
54 
67 
5 48 
154 
1 64 
170 2 
97 
142 
48 
1 66 
156 
58 
64 
67 
1 63 
61 
83 1 
146 
149 1 
160 1 
170 1 
57 1 
142 
49 
133 
71 1 
161 
149 
159 
50 
147 
159 
53 
6 158 
85 
57 1 
52 
159 
50 
170 
112 
49 
55 
157 
160 
2 62 
162 1 
1 49 
137 
2 53 
158 
63 
1 74 
151 
83 
2 146 
157 2 
97 
175 73 
154 
3 112 
94 
1 159 
57 
48 1 
81 
52 
149 
64 9 
5 50 
52 1 
55 
59 
112 
160 
156 
175 
71 
83 
162 3 
159 
3 167 
71 
73 2 
64 
149 3 
71 
115 
84 
67 3 
137 
3 159 
156 
162 
63 
60 
175 
2 49 
100 
71 
158 
81 2 
73 
150 
3 94 
150 1 
160 
2 151 
62 
120 
100 
147 
61 
46 
156 
60 
162 
1 61 
120 
146 1 
47 
2 149 
160 
71 
160 
57 
49 
170 
156 
60 2 
167 
73 
46 
142 
5 161 
170 
161 
62 
2 100 
170 6 
55 
146 
156 
59 
2 93 
100 9 
49 
100 
61 
58 
156 
51 
151 2 
98 
58 
142 
155 
146 
55 3 
155 2 
3 51 
151 1 
133 
160 
101 3 
53 
142 
3 59 
57 4 
58 
85 
157 
170 
52 
54 
61 
101 
2 112 
120 
156 
64 
85 
52 
133 
1 147 
95 
2 167 
62 
74 
156 
57 
156 
156 
112 
71 
81 
2 101 
64 
50 2 
167 
147 
156 
3 156 
2 112 
149 
60 
95 
60 
59 
152 1 
170 
49 156 
64 
155 2 
52 
156 
156 3 
156 
2 159 
3 142 
112 
137 
4 53 
101 
100 
53 
59 
160 
73 2 
158 
156 
170 
175 5 
115 
66 
156 
151 
3 142 
151 
67 
155 
52 
64 
53 
1 52 
115 
150 3 
48 
52 
59 1 
71 
57 
51 9 
57 
8 66 
142 
1 44 
156 
115 
48 
64 175 
64 3 
3 156 
94 
160 
95 2 
56 
152 1 
1 155 
57 3 
158 
1 83 
142 
149 
85 
156 
158 
120 
67 54 
149 
159 
51 
154 1 
149 
94 2 
95 1 
132 
64 3 
95 
73 
81 
149 
115 
162 
64 
51 
53 2 
58 8 
155 
155 1 
160 
54 
2 137 
120 4 
55 
132 
100 
55 9 
59 
100 
57 
3 161 
3 51 
2 137 
142 
4 158 
55 
61 4 
44 
156 
48 
155 
142 
84 
71 
142 
3 98 
133 
160 
150 
157 112 
71 1 
93 
156 
57 142 
71 
156 
1 137 
55 
5 53 
81 
2 48 
154 6 
59 
133 
51 
158 
148 
57 
142 8 
149 
3 137 
84 
3 120 
2 155 
58 
142 
84 
66 
155 3 
142 
158 
2 51 
149 3 
1 56 
44 
142 
94 
58 
52 156 
154 
159 
155 
170 
62 3 
2 98 
2 137 
142 
133 
66 
162 
115 
63 
58 
58 
61 
157 
95 1 
148 3 
155 
2 156 
73 
60 
160 
101 1 
149 8 
44 
151 
49 
156 
159 
52 
60 
58 
1 149 
115 
71 
159 1 
155 2 
71 
159 
160 58 
115 
94 
83 
58 
151 3 
142 4 
2 54 
73 
133 
84 
160 2 
55 
175 
81 
57 
52 
158 
154 
157 2 
48 
149 
93 1 
162 
53 
2 54 
157 
2 53 
53 
151 
149 
162 
161 
149 
71 2 
2 74 
95 
49 2 
62 
120 9 
175 
44 
52 
5 156 
73 2 
161 
66 
52 
48 
98 
84 
148 
158 
49 
162 9 
159 
93 
149 1 
52 
157 
73 
55 
156 
156 
81 
142 
58 
94 
157 
50 2 
3 158 
3 156 
1 132 
66 
170 
1 156 
55 
71 
95 
115 
85 2 
137 
156 
73 
156 
160 
4 149 
160 1 
60 
175 
159 
74 
53 
83 
149 
4 49 
49 
67 
63 
156 
49 
62 
3 100 
157 2 
81 
73 
93 
62 
155 
58 
60 1 
101 
52 2 
71 
53 
54 4 
151 
55 3 
120 
167 
133 
85 
59 
147 
57 
1 149 
170 
64 3 
155 
64 
157 
149 
57 3 
1 51 
156 
59 
155 2 
146 3 
73 
3 55 
160 
71 
62 
95 56 
51 
4 58 
157 2 
59 
160 
142 
8 132 
98 1 
56 2 
160 
157 
57 
1 112 
2 59 
155 
94 1 
175 
59 1 
57 
3 60 
44 2 
159 2 
160 2 
167 
71 
152 
152 
60 
84 1 
84 
142 60 
60 
85 
53 
2 155 
98 1 
160 
61 
137 
61 
133 
161 
146 
2 132 
1 132 
54 
58 147 
155 
55 3 
156 
85 
149 
71 1 
51 
51 2 
159 
142 
157 
175 
149 
100 2 
162 
156 
94 
55 
55 
57 
159 
120 
55 
3 71 
155 1 
61 
85 
57 
1 55 
175 
98 
98 
167 
5 156 
151 
2 74 
64 
161 2 
156 
59 
64 1 
100 
157 
2 142 
147 
149 
49 
85 2 
167 
160 
53 
149 156 
157 
148 
50 
149 
62 4 
55 
149 8 
71 
167 
46 4 
156 
49 
132 
98 
60 
53 
160 
142 
2 156 
3 161 
49 
152 
61 
52 
142 
85 
1 158 
170 3 
157 4 
64 
151 4 
58 3 
54 
170 156 
48 
156 
5 157 
62 
152 
157 
64 
85 2 
49 
161 
159 
152 
51 
156 
2 60 
3 61 
161 
64 
2 132 
112 
156 
64 
64 
48 
2 61 
53 
2 142 
170 5 
4 149 
67 
154 
167 
62 
146 
175 
162 
67 
101 148 
156 
60 
170 1 
52 1 
94 160 
162 67 
3 156 
156 
64 
58 
161 
155 
84 4 
59 
64 
53 
73 
142 
54 
1 53 
149 
167 
57 3 
142 
167 
1 55 
49 
2 142 
156 
156 
49 
162 
58 
151 
49 
53 
51 
54 
73 
84 2 
55 
156 
81 
142 
57 
162 66 
73 
58 
137 
54 
152 
149 
2 156 
155 4 
55 
175 1 
58 
160 
3 49 
48 2 
156 4 
64 
159 
157 4 
61 
44 
73 
155 
167 
66 
149 
3 148 
48 57 
56 2 
58 
58 
142 
57 
57 
98 
2 149 
156 
156 
57 
152 
162 6 
59 2 
101 
55 
2 132 
52 
49 
146 
67 
55 
115 
64 
137 
142 
150 3 
55 
156 
93 3 
95 
60 
167 2 
157 
157 
49 
156 
1 159 
58 4 
55 
50 
162 
157 
58 1 
154 
63 
52 
85 
170 
162 4 
155 
159 
1 120 
97 
148 
148 
159 
170 
156 
3 156 
2 132 
61 
67 
101 
152 3 
46 2 
9 84 
3 112 
63 
51 
52 
148 
2 93 
81 
159 
52 
150 
137 
54 5 
1 51 
157 
49 
155 2 
94 
64 2 
160 
52 
149 1 
157 
67 
51 
84 3 
101 
98 
150 2 
85 
5 49 
170 
4 157 
59 
52 
59 
2 67 
148 
157 
50 1 
149 
49 
2 149 
2 161 
73 
151 
50 
53 
60 
49 
146 
161 
55 3 
2 53 
137 
93 
170 
148 
53 
160 4 
154 
60 5 
71 
61 
73 
64 
159 
85 
56 
112 
61 1 
58 
59 
160 
1 156 
55 1 
58 
161 
142 
149 
149 
2 158 
61 
71 
142 
73 142 
71 5 
59 
46 
61 
94 
149 
85 
71 
159 
157 
162 
58 
52 
59 
93 
84 
159 
156 
170 9 
149 
161 
4 157 
115 
133 
152 
73 
156 
85 
73 
64 3 
170 
142 
4 137 
57 
50 2 
1 48 
155 
1 132 
2 48 
5 61 
52 
142 
158 
97 
51 
156 
49 
50 
81 
51 
170 
44 
149 
148 1 
160 
149 
71 
54 
64 
156 
59 
120 4 
60 2 
160 
156 
157 
149 
160 
132 
56 3 
142 2 
1 55 
170 
55 
61 
85 6 
57 
61 
156 
60 
61 
52 152 
149 
85 
5 156 
101 
94 
46 
55 2 
4 161 
93 
56 
98 
160 1 
64 2 
155 
59 
83 
151 
57 
85 
1 71 
3 142 
160 
53 1 
133 
150 
95 
60 
81 
149 
53 
133 
59 
156 
156 
61 3 
154 1 
53 
167 
161 
50 
4 59 
73 
2 148 
44 1 
52 
149 1 
67 
59 
162 
71 
149 
67 
64 
162 3 
59 
60 
4 159 
1 63 
64 9 
52 2 
3 156 
154 
167 
98 
1 156 
59 
149 
97 
157 
175 
67 
60 
55 2 
147 
71 5 
159 
55 
155 
61 
162 2 
54 
81 
156 
85 
53 
67 
137 
175 3 
148 
71 
93 
59 
175 
81 
73 
2 44 
161 
162 
67 
155 5 
156 
148 2 
44 
60 1 
167 
64 
44 1 
84 
3 159 
149 1 
101 
85 
132 
152 7 
59 
142 
137 
64 148 
2 149 
3 146 
1 51 
150 
64 3 
52 
120 
58 2 
158 
137 
54 
51 
54 
61 
149 
47 
149 
54 1 
2 159 
156 
59 
133 
155 
57 
142 
161 
149 1 
2 59 
55 
59 
50 
3 148 
62 
64 
71 
93 
53 1 
3 167 
1 148 
147 
64 
2 132 
57 
1 51 
133 
2 48 
162 2 
61 
142 
149 
156 2 
63 
175 
95 
64 1 
112 
157 
84 
1 51 
52 
142 
152 
156 
94 2 
149 
149 
3 152 
81 
60 3 
152 
74 
149 
2 149 
85 
46 
155 
59 
142 
61 
154 
175 
170 10 
149 
3 167 
101 
57 
162 1 
98 
55 
170 
62 
137 
2 55 
53 
157 
84 
64 
155 4 
132 
158 
152 4 
2 62 
150 
51 
157 
2 148 
159 
49 
101 
161 
3 161 
150 
2 159 
85 
51 
66 
61 
100 
162 
85 
48 
84 
49 
151 
64 4 
167 8 
3 59 
67 
160 
58 
1 51 
60 
156 
150 
2 59 
137 
101 9 
162 
44 
115 1 
56 4 
48 
152 
63 
149 
63 
162 
97 
55 2 
49 3 
48 4 
161 
51 
151 
115 
158 
50 
62 
1 159 
167 
81 
57 
52 
156 
61 
152 
160 
64 1 
52 
137 
148 2 
53 
152 
132 
50 
57 
4 142 
160 
73 
44 
55 
154 
64 
151 
100 
71 
2 159 
59 
5 97 
44 
1 159 
59 
49 
4 159 
71 
47 
100 
157 
59 1 
175 
155 
101 
73 
4 146 
160 
148 
149 
142 
156 
159 
55 4 
156 
3 156 
1 137 
56 3 
100 
162 
137 
2 156 
55 
2 142 
84 
84 
154 1 
50 
157 
160 
83 
63 
57 
56 
142 
149 2 
54 
157 
85 
170 1 
57 2 
44 159 
156 
57 
59 
81 
81 
3 156 
50 
101 5 
160 161 
52 9 
158 
49 
67 
54 
59 
160 
98 
115 
97 
155 
137 
1 57 
64 
57 2 
56 6 
175 
93 2 
142 
160 1 
62 
48 
112 
155 
52 
160 
74 
148 
132 
148 
162 2 
49 
101 2 
50 
156 
156 
120 
151 
85 
150 1 
175 
160 
50 
4 93 
6 61 
3 160 
159 
175 
85 
52 
64 
158 
149 
52 
162 3 
154 
156 
73 156 
5 56 
170 
64 
112 
2 83 
85 
158 
60 
71 
147 
167 
2 59 
44 
7 158 
6 59 
74 
1 53 
156 4 
159 
97 
71 
73 
59 
1 120 
66 
73 
120 
149 
157 
53 
4 51 
58 2 
158 
64 
159 
148 4 
155 
5 158 
162 
162 
81 
3 48 
149 
170 
1 142 
149 
149 
57 
155 
2 157 
147 
1 132 
161 
60 
64 
120 6 
49 
52 
154 59 
59 
142 
71 
1 149 
175 
84 2 
3 71 
61 
160 
61 
1 156 
58 
64 
159 
154 
54 
120 
150 148 
44 6 
162 4 
4 54 
64 
151 
95 
57 
156 
155 
101 
56 
157 
3 61 
147 3 
47 
53 
2 44 
142 1 
58 3 
5 155 
160 3 
148 
97 
84 53 
157 
152 
59 
147 
155 
2 151 
2 161 
71 
101 
93 
156 
51 
157 
133 
51 
137 
115 3 
160 2 
157 
44 
44 
49 
57 
152 
61 5 
157 
156 
95 
156 
142 
2 74 
161 
53 
53 
160 
156 
2 149 
97 
115 
44 3 
115 2 
152 
73 
155 156 
156 
94 
147 
157 167 
2 151 
156 
157 
148 3 
2 51 
155 
52 
52 
81 
148 
157 
157 
157 
149 
137 
160 
61 
67 
161 
66 
97 
2 149 
161 
64 
59 
142 
53 
47 
120 
4 66 
150 
157 
3 161 
52 
157 
73 1 
1 156 
2 97 
158 4 
55 
137 
1 156 
71 1 
2 97 
51 2 
58 1 
157 
158 
142 
159 
112 
158 
156 
5 61 
59 
64 
120 
59 
142 
147 1 
54 
155 
149 
151 
2 59 
175 
115 7 
137 
142 
160 5 
44 
142 2 
160 
59 
94 3 
59 156 
52 
59 
149 
2 48 
152 4 
154 
170 3 
85 157 
85 
149 
2 120 
59 
4 132 
156 
94 
55 
2 142 
53 
158 
3 84 
142 
149 161 
158 
142 
133 
159 
60 
3 137 
52 
156 
61 
94 
98 1 
51 148 
170 3 
1 142 
54 
61 
1 167 
55 
132 
170 
100 
156 1 
161 
160 
56 
49 
161 
85 
83 
5 154 
2 148 
156 
157 
53 
158 
142 
160 
2 157 
2 156 
149 
170 8 
120 
3 156 
167 
1 53 
9 167 
159 
4 159 
149 
170 
2 52 
85 
150 1 
157 
147 
2 74 
57 3 
161 
142 
120 
54 
49 
4 167 
146 
154 
100 
73 
61 
155 
146 
94 
156 
155 
160 9 
58 
115 
157 
170 
51 
60 2 
146 
59 
71 
2 51 
51 
9 149 
85 
64 3 
58 
146 1 
44 
115 
167 
1 142 
71 
150 
142 
50 
149 
54 
84 
97 
2 71 
59 
147 
149 
154 
137 
154 
156 
100 
146 
146 
58 
151 
64 
151 
156 
59 
53 
1 93 
54 
170 
48 
58 1 
155 
158 
1 71 
51 
154 
2 73 
160 
1 149 
66 1 
175 
5 156 
167 
52 
57 
55 
156 
81 1 
94 
1 161 
74 
4 46 
156 
157 
151 
4 137 
93 
1 84 
1 54 
61 
149 
170 1 
2 71 
58 
73 3 
67 
162 
152 
112 
62 
48 
4 59 
152 
46 
160 
58 
152 3 
3 60 
115 
159 
112 
133 
4 101 
1 50 
154 2 
52 
3 137 
47 
4 156 
53 
62 
84 
154 
67 
3 74 
175 
137 
50 
56 
50 
66 
152 
2 159 
149 3 
52 1 
149 
58 
1 71 
53 3 
60 
64 
159 
51 147 
3 159 
170 
160 4 
148 
52 
55 
1 159 
148 
49 
49 
2 151 
147 2 
100 
59 
58 
142 
71 
5 49 
52 
156 
2 149 
137 
142 
85 
59 
157 
95 3 
3 160 
66 
95 
64 
170 1 
67 
64 
48 
2 155 
60 
1 73 
149 
155 
152 
162 
161 
3 158 
148 9 
112 
152 
53 
167 
154 
1 71 
97 
2 112 
94 
132 
149 
112 
1 60 
84 
142 
147 
58 
157 
159 
62 2 
156 
59 4 
170 
156 
52 
142 
1 142 
150 
93 
161 
142 
47 
158 
59 
156 
160 
3 50 
158 3 
4 59 
60 
71 
149 2 
149 49 
156 
150 
59 
55 
156 
74 
160 
52 
170 1 
156 
158 
115 2 
48 
142 
160 
2 156 
52 
1 73 
55 
47 
73 
156 
132 
162 
1 159 
149 
132 
64 
85 
160 
49 71 
167 
61 
57 1 
52 55 
157 
58 
51 
1 151 
142 
3 112 
71 
58 
61 
51 
48 2 
54 
55 
159 
58 
93 
59 
149 
160 1 
66 2 
51 
94 
142 
59 
71 
54 3 
159 
51 
160 
83 
93 
57 4 
58 
2 54 
170 4 
159 
83 2 
61 
115 3 
1 49 
120 
149 
159 
1 55 
85 4 
49 
146 
56 
162 
3 158 
156 
64 8 
61 
142 
3 48 
3 93 
51 
147 
50 
85 
74 
62 
54 
167 
157 3 
146 
73 
5 154 
64 
175 
147 
155 
142 
159 
51 
73 
155 
147 
155 2 
157 
155 
52 2 
83 3 
157 
51 
155 
161 
1 161 
1 52 
2 62 
93 
60 
57 2 
142 
142 
53 
152 
4 142 
58 
8 167 
159 
154 4 
1 48 
100 
120 
2 84 
57 
64 
150 
142 
133 
152 
81 
159 
156 
84 
133 
152 
149 
73 
52 
71 1 
159 
63 
155 
149 2 
5 151 
157 
147 
60 
155 
149 
84 
5 142 
170 1 
115 2 
60 
132 
2 51 
156 
115 1 
62 
61 
46 5 
62 
155 
152 
59 
61 3 
60 
155 
51 2 
162 
54 
162 
170 3 
60 
58 
155 3 
159 
2 158 
66 
93 
5 58 
62 
151 
1 48 
6 156 
149 
154 
150 
47 
53 
98 2 
159 
100 
85 
149 1 
156 
148 10 
156 
3 74 
142 
170 
61 
115 
156 
64 
159 
161 
1 147 
101 
5 158 
157 
161 
95 
147 
73 
158 
2 149 
100 
52 
47 
132 
132 
48 
93 
159 
132 
157 
158 
155 
52 
156 
53 
2 67 
158 4 
157 2 
5 54 
1 156 
161 
170 
51 
67 
54 
120 1 
57 
2 149 
3 159 
156 
4 149 
156 
156 
53 
56 
157 
1 59 
44 
5 71 
9 156 
112 
2 159 
112 
155 2 
73 
64 
159 
120 2 
2 137 
57 
1 100 
1 83 
2 61 
51 
158 
175 
149 3 
1 51 
50 
48 
157 
101 
84 
49 156 
53 
170 
97 
67 
120 
98 1 
60 
59 
2 59 
95 
167 
156 
142 
175 2 
52 
1 156 
162 
142 
3 56 
61 
157 
100 
64 
147 
154 
3 167 
157 1 
51 2 
84 
156 
156 
175 
51 
1 64 
158 
162 
66 
73 
73 
170 
53 1 
101 
1 73 
2 112 
149 
52 
73 1 
49 
71 
53 
64 
155 4 
149 
1 52 
66 
2 159 
2 156 
156 
59 8 
2 132 
137 
101 
156 
142 
159 
67 
58 
152 
46 
160 
170 4 
148 
3 48 
154 
162 62 
162 
9 64 
101 
98 
112 
47 
2 137 
55 
53 2 
51 
132 
57 
162 3 
59 
156 
44 
56 4 
4 147 
52 1 
52 4 
156 
71 
49 
59 
83 
120 
2 44 
156 
162 
58 
155 
133 
161 3 
85 
175 
154 
48 
44 
59 
74 
167 
2 151 
157 
98 
57 
152 
133 
152 
133 
155 
61 
155 
115 67 
156 
161 
52 3 
154 
151 
120 
54 
152 1 
60 
58 
61 
73 
53 
120 
53 
60 
85 
60 2 
94 
101 2 
150 
159 
154 
156 
157 
157 
61 
142 
51 
5 84 
56 
132 
1 97 
159 
74 
55 
61 
170 
159 
156 
2 155 
157 
100 1 
98 1 
58 3 
142 
147 
101 
55 
49 2 
142 
97 
2 51 
156 
160 
156 
57 3 
157 
156 
132 
148 3 
55 
147 3 
3 56 
93 
61 
160 5 
51 1 
59 1 
71 
53 2 
73 
175 
55 
170 
142 
2 112 
54 
61 
84 
155 
152 4 
101 1 
133 
54 
66 2 
167 
152 
159 
156 
50 
49 4 
158 
64 
159 
63 
152 
154 4 
160 1 
159 
156 
150 2 
59 
175 
3 149 
1 155 
66 
85 
64 
133 
49 
1 59 
167 
149 
170 2 
160 
57 
85 
73 
3 57 
101 
156 
101 152 
57 
160 2 
3 67 
98 
59 
56 
133 
146 
154 
147 
67 
159 
170 2 
51 
74 
95 2 
73 
49 
9 61 
156 
84 
84 
57 4 
85 
85 
64 
64 2 
112 
159 
152 
84 49 
149 
159 
167 
1 159 
1 142 
9 61 
61 
161 
154 
170 
158 
162 3 
156 
100 
155 
157 
149 
149 
55 
160 
156 
54 
159 
49 
55 
53 
157 
156 
132 
48 2 
5 159 
4 161 
4 147 
57 
160 
49 
49 3 
158 
85 6 
1 48 
58 
149 
85 
3 159 
149 
155 
146 6 
4 142 
54 
170 2 
64 
101 
159 
159 
149 
3 112 
150 
1 149 
148 
84 1 
159 
67 6 
3 156 
93 
98 6 
46 1 
58 2 
154 
115 
73 3 
152 1 
170 
142 
71 
4 137 
148 
1 53 
150 2 
151 3 
149 2 
1 53 
57 
47 
154 
1 81 
155 
2 156 
63 156 
148 
156 
149 
44 1 
61 
58 
1 142 
3 53 
97 
156 
84 1 
146 
93 
157 
101 
142 2 
100 4 
155 9 
1 159 
50 
64 1 
93 
156 
95 2 
156 
148 1 
53 
60 
100 
52 
55 
156 
3 151 
170 
59 
1 67 
98 
84 
84 
4 156 
2 132 
1 157 
150 
3 57 
157 
63 
175 
66 
2 142 
4 167 
2 100 
94 
63 
84 
170 
151 
147 
58 
175 
64 
81 
55 
152 61 
73 
84 
162 
59 
160 
175 
54 
62 
49 
85 
151 
54 1 
55 
132 
49 
5 62 
157 
2 74 
142 
58 
150 
150 
162 1 
156 
137 
4 55 
158 
51 
66 
98 
3 59 
57 
1 156 
170 
151 
3 159 
60 
157 
157 
2 159 
142 2 
160 
150 
101 
156 
58 
59 
152 2 
1 59 
4 97 
71 
67 
94 
53 
162 
52 
5 159 
54 2 
57 
150 
162 
1 160 
142 
4 97 
142 
73 
100 2 
53 
156 2 
167 
1 51 
50 5 
66 
147 
85 3 
58 
175 
64 61 
142 
160 
97 
156 
98 
160 
158 
2 157 
53 
157 
58 
2 137 
1 44 
52 
146 
157 4 
61 
2 156 
115 61 
95 
142 
156 
67 
170 
49 5 
3 49 
152 
61 
59 2 
155 
1 142 
52 
48 
50 
149 
95 
85 
54 
170 58 
58 1 
155 
53 
146 
55 
59 
160 
155 
159 
175 
151 
64 
1 160 
61 55 
1 157 
160 
61 
60 
1 149 
84 1 
59 
3 161 
85 
51 10 
57 
57 
85 
64 
156 
57 
160 4 
161 
161 
57 3 
160 
95 
55 
150 4 
142 
158 
150 
159 
85 
142 
142 
48 
66 
95 2 
53 
159 
158 5 
170 
146 
64 
67 
157 3 
150 1 
155 
157 
160 3 
85 
81 
112 
155 3 
175 146 
159 2 
162 2 
155 2 
67 
160 
51 2 
160 
49 1 
157 
152 
152 2 
170 3 
64 3 
160 5 
167 4 
3 159 
97 
4 142 
161 
52 5 
150 
55 
94 
46 1 
162 1 
50 
71 
3 156 
51 
148 2 
48 
4 58 
58 
170 120 
157 
156 
94 
81 
175 
52 
152 
61 
55 
101 2 
137 
4 59 
57 
85 
51 1 
61 4 
9 62 
57 
60 
49 
156 
115 2 
66 1 
150 1 
149 3 
64 
160 
60 
73 
2 112 
1 147 
157 
175 
62 
64 1 
156 
158 
162 
156 
60 
175 
55 
63 
83 1 
50 
49 
64 
2 48 
101 2 
156 
73 
150 
142 
9 156 
60 2 
97 
175 
73 100 
152 
157 
167 
156 
149 
142 
142 
155 
94 
160 
115 
1 61 
63 2 
1 47 
61 
170 
97 
148 
59 
155 
1 146 
59 
175 
2 62 
3 93 
156 
64 
67 
60 
67 
94 
152 
58 2 
84 
159 
52 
142 
142 
61 
150 1 
55 
85 
152 
51 
94 2 
154 
52 2 
2 44 
154 
58 
156 
64 2 
156 9 
149 
59 
160 
155 3 
1 132 
51 
61 
54 2 
175 
155 1 
56 5 
48 1 
85 
49 
149 
58 
48 
97 
146 3 
156 3 
160 3 
156 
52 
149 
175 
61 2 
60 
62 
61 
67 3 
2 149 
156 
59 
149 
52 
151 
115 
162 3 
2 167 
120 
167 
154 
58 
149 2 
59 
159 
64 
66 3 
52 
158 
162 
155 1 
47 
170 
147 
162 
85 
54 
160 
120 
56 
84 
64 
157 
157 
2 142 
81 
161 
1 149 
161 
159 
58 
55 
157 
159 
112 
1 151 
49 1 
85 
142 
1 52 
85 3 
133 
148 7 
2 61 
1 46 
46 
175 
98 4 
71 142 
151 
73 
83 
147 
161 
97 
93 1 
85 57 
3 83 
50 1 
147 
2 61 
142 
154 
101 
142 
175 
58 2 
157 
71 
53 
67 2 
52 
49 
159 
55 
60 
101 2 
61 
5 55 
59 9 
64 
3 57 
167 
112 
64 154 
1 64 
44 
151 
150 
49 
71 
156 
94 
156 
48 
44 
49 
3 51 
151 
2 142 
170 1 
97 
3 155 
3 62 
66 
149 2 
66 
52 
54 1 
156 
150 2 
53 
101 
57 9 
97 
162 
83 
61 149 
155 6 
120 
67 
60 
64 5 
81 
64 2 
73 4 
155 
84 1 
160 3 
160 
1 71 
156 
3 156 
133 
60 
2 63 
83 
63 
160 
3 59 
54 
157 
152 
73 
156 
66 
175 
167 
64 
2 156 
51 
154 
159 
151 
158 
58 
58 
1 151 
120 
71 8 
149 
160 
81 
53 
62 
154 
58 
2 53 
149 
3 159 
4 51 
56 
63 
85 3 
170 2 
64 3 
156 
160 
58 
149 2 
152 
101 
3 67 
57 1 
156 
2 156 
67 
142 
66 
150 6 
1 142 
142 
101 
158 
83 
151 
49 61 
147 
162 57 
132 3 
156 
59 
84 
146 
2 44 
160 2 
64 
149 
146 
120 
133 
133 
61 
93 
5 158 
160 3 
57 
167 
84 
58 
59 3 
156 
52 2 
59 
175 
61 
167 
115 
97 
63 
81 
162 
56 
84 1 
1 59 
152 
167 2 
156 
44 
3 84 
53 
115 8 
73 
1 49 
64 
84 
81 
48 
4 157 
156 
53 
64 5 
54 
46 
67 1 
4 71 
156 
159 
2 60 
61 
142 
84 
1 160 
56 
142 
160 
147 
8 59 
4 156 
156 
2 51 
160 
59 
161 
2 71 
64 
57 
149 
155 1 
73 
57 54 
59 3 
73 
155 
54 
53 
58 1 
149 
44 2 
64 4 
155 
3 155 
155 
133 1 
160 112 
150 
162 
59 
115 5 
56 
1 155 
64 
8 156 
120 51 
1 161 
112 
160 6 
155 
170 
54 6 
158 
61 1 
137 
71 4 
147 
73 
112 
57 
57 5 
152 2 
53 
167 
2 59 
61 
150 
157 
51 
54 
44 
1 50 
61 
157 2 
3 159 
3 156 
57 3 
150 
54 
167 
1 51 
49 
55 
161 
83 
95 
55 
101 5 
161 
94 
142 
156 
142 
170 
66 
85 1 
155 
160 
9 142 
100 
149 
3 149 
1 51 
73 
146 
5 60 
85 
3 142 
58 
53 
120 
149 
50 
156 
142 
52 
49 1 
1 58 
152 
53 
161 
51 
84 
151 
54 
101 
152 167 
120 2 
156 
57 
149 
160 
49 
133 
149 2 
93 
1 159 
7 159 
1 161 
154 
157 3 
151 
55 
161 2 
3 142 
120 
3 142 
84 
157 
51 
175 
71 
56 
3 53 
97 
133 
64 
152 2 
155 4 
156 
151 
1 156 
4 175 
2 61 
51 
175 2 
51 
58 
157 
120 
54 
94 2 
148 
1 137 
3 48 
95 
161 
60 
2 53 
160 
160 
160 
2 157 
160 
3 62 
46 3 
56 
155 
154 
167 1 
52 
175 1 
146 
98 1 
161 
157 
160 
2 156 
147 
160 
64 3 
53 
66 
137 
62 
84 
3 142 
155 
149 
84 
61 
49 
2 156 
55 
156 
51 
151 
60 
142 
57 
48 
112 
156 7 
49 
8 73 
149 
120 
157 
147 
73 
53 
84 
157 
137 
66 1 
64 
67 1 
156 
151 
2 47 
3 156 
44 
55 
160 
2 142 
73 2 
61 
1 55 
175 
1 158 
142 
146 3 
55 
156 
53 
149 
155 
158 
137 
149 
93 
151 
149 
49 2 
58 
57 
146 
71 
152 
98 
61 
62 
66 
48 
5 149 
162 1 
1 147 
71 
4 132 
161 
147 
49 2 
9 156 
3 57 
57 3 
2 152 
73 
4 142 
1 67 
156 
151 
150 
156 
57 
58 
147 
83 2 
146 
159 
157 
64 
157 4 
83 
132 
1 84 
58 
81 1 
60 1 
150 
150 2 
54 
147 
55 5 
151 
53 
3 101 
64 
162 149 
57 
1 137 
1 97 
149 
93 
115 
115 
66 
151 
1 52 
53 
83 
146 
2 71 
170 
101 
142 
157 
149 
156 
132 
53 1 
4 60 
157 
142 
62 
60 
66 55 
156 
3 57 
132 
71 
146 
3 51 
2 146 
137 
57 
49 
73 
167 
57 
2 53 
58 
162 
100 
175 
56 
142 
64 84 
52 
55 
158 
60 
2 97 
85 
147 
2 154 
98 
146 
52 1 
149 51 
133 
61 
50 2 
49 
132 
63 
62 
115 6 
112 
58 
58 2 
54 
57 
133 
4 132 
73 
155 
159 
149 
3 94 
133 2 
3 142 
73 
148 
155 
8 51 
112 
160 
73 
44 
160 
58 
52 
64 3 
4 59 
81 
55 
54 
162 
160 3 
63 
71 
133 
59 
149 
61 
115 2 
154 3 
142 
50 4 
149 
137 
58 3 
148 
57 
132 
71 
159 
2 132 
161 
3 157 
157 
62 
100 
3 175 
133 
156 
149 
142 
160 2 
51 
170 
85 
56 
49 142 
157 
159 
59 1 
159 
54 
155 
1 167 
156 
51 
152 1 
71 
147 
142 
56 
93 
148 
52 
159 
157 
142 
95 
2 167 
147 
137 
2 66 
71 
1 53 
53 
53 
156 
167 
51 
57 
49 
137 
148 
49 
62 
157 
5 57 
59 
175 3 
1 158 
4 175 
4 161 
84 
149 
156 3 
63 
159 
2 100 
142 
170 2 
51 
50 
55 2 
73 
152 
155 
62 
120 
1 156 
64 3 
1 97 
170 
155 81 
52 
83 
157 
50 
160 
61 
71 2 
85 
85 
60 
54 
4 48 
94 
66 
149 2 
56 
50 
133 3 
156 
84 
2 51 
81 
101 
154 
133 2 
115 
156 
170 
160 4 
175 
1 161 
94 
56 
150 1 
71 1 
4 154 
155 1 
150 
85 
120 
3 48 
142 
155 
159 
57 
157 
55 3 
120 
95 
63 
157 
1 142 
3 67 
156 
83 
57 
156 
3 155 
5 149 
58 2 
156 
159 
60 
160 
2 146 
156 2 
149 
156 1 
150 
137 
115 2 
151 
48 
149 
51 
67 
167 
149 
146 
156 
155 
146 112 
115 
115 1 
49 1 
160 
155 2 
158 
50 
170 
5 146 
59 
167 
51 
162 
3 152 
85 
112 
48 
64 
61 
159 
133 3 
146 
49 1 
157 
4 159 
148 
120 
148 
160 
71 2 
112 
85 
133 
55 
115 
155 
59 3 
155 
54 
120 2 
57 
55 
73 
159 
85 
156 
81 
54 
53 
154 
170 1 
56 2 
158 
162 
100 
73 59 
167 
160 
64 3 
60 
57 
149 
97 
84 3 
150 
160 
98 
84 2 
132 2 
54 
152 
2 54 
54 
44 
160 
159 
155 
161 
84 
120 
51 
55 
1 71 
52 149 
53 
71 
4 149 
50 
149 2 
3 156 
52 
64 
71 61 
49 
61 
49 
175 
85 
66 3 
157 
64 1 
74 
73 
67 2 
3 156 
160 
84 1 
167 
175 
148 
1 160 
157 1 
2 142 
73 
1 156 
46 
60 3 
48 97 
146 1 
156 
59 
162 
160 
155 
53 
5 71 
83 
64 7 
59 
49 2 
97 
151 
1 112 
66 9 
1 151 
4 155 
162 1 
155 2 
94 
120 
54 
158 
62 2 
150 
137 
167 
49 
60 
58 
1 148 
58 
152 
85 
160 
1 61 
98 
73 
167 
59 
175 
63 
120 
147 
156 2 
167 
50 2 
159 
67 
1 160 
59 
48 
142 
66 
57 
66 
147 
149 
100 
52 
155 
52 
149 
59 
160 
58 
61 2 
157 2 
61 
52 
49 
66 
154 
3 175 
49 
83 
157 
160 
63 2 
156 
71 
156 
57 
156 
55 1 
59 
60 
149 
46 
147 
83 5 
170 2 
149 
156 
1 156 
95 5 
147 1 
167 
156 
52 1 
100 
100 
54 
61 
167 
1 97 
60 
98 
2 156 
142 
97 
66 
132 
120 
85 
55 
149 1 
1 155 
156 
57 
149 
159 
162 
150 
54 
55 3 
175 
167 
146 
47 
133 
1 167 
133 2 
160 2 
85 2 
1 49 
159 
115 
133 
159 
150 
158 
51 
120 
57 
61 
3 160 
53 6 
148 
167 
93 3 
2 137 
3 73 
167 
6 142 
94 
100 
150 
52 
100 
57 
66 
149 
100 
101 
53 
2 159 
147 
3 48 
94 
156 
2 58 
49 3 
157 4 
57 
71 
157 
150 2 
101 
146 
115 1 
159 
167 
160 
142 
58 
48 
56 
152 
100 
46 
146 2 
57 
61 
156 
151 
2 148 
2 56 
100 
61 
73 
160 
98 
59 
85 
93 
54 
71 
51 
49 
81 
160 
62 
95 4 
156 2 
156 
142 
170 
161 
156 
98 
93 
64 1 
2 142 
56 
156 
151 3 
94 
62 
2 71 
58 
52 2 
155 
53 
8 147 
149 
55 
1 59 
133 
71 3 
61 
148 
83 
53 
59 
162 
137 
132 
149 
156 
53 2 
157 
159 
152 
155 
49 
48 
151 
56 
112 
59 
149 
67 
57 
146 
142 
95 9 
162 1 
51 
142 1 
149 
84 
149 
167 
2 61 
58 3 
1 63 
155 1 
155 
73 
56 2 
60 
156 
161 3 
53 1 
1 149 
154 
73 
50 2 
137 
58 1 
142 
170 2 
73 
170 
101 
148 
147 
158 
115 
157 
93 
156 4 
142 
98 
49 4 
1 48 
1 58 
149 
47 
3 61 
154 1 
120 
160 
159 1 
57 
154 
49 
100 
170 
73 
161 
157 1 
160 
97 
155 
2 147 
2 156 
73 
120 2 
62 
93 
54 
156 
95 1 
133 
159 
162 
115 
51 
150 
133 
1 175 
2 49 
44 
57 167 
161 
156 
61 3 
162 149 
157 
2 156 
133 
97 
64 
154 3 
2 158 
162 
158 
61 
142 
51 
56 
160 4 
152 
2 58 
162 2 
52 
133 1 
58 
156 2 
62 
155 
64 
149 
146 1 
146 1 
59 
48 
57 
60 
148 
1 160 
147 
83 
66 
48 59 
158 
95 2 
53 
3 54 
67 
50 
156 
61 2 
132 
157 1 
61 
51 
148 2 
2 160 
156 
2 54 
63 
149 
152 
167 
98 3 
158 
59 
157 
157 3 
149 
61 
49 
66 
142 
137 
2 67 
155 
137 
98 
142 
1 157 
115 
1 137 
51 
54 2 
71 2 
58 
175 
4 53 
159 
2 74 
154 2 
1 151 
84 
120 
2 44 
71 5 
71 
56 
74 
142 
146 
1 152 
120 
156 
167 
54 2 
4 60 
84 2 
147 
148 
150 
56 
55 1 
162 3 
132 
58 
158 
170 
157 
67 
60 2 
51 
64 
146 
1 159 
147 
3 156 
55 
2 159 
161 
73 
146 
54 
64 
1 159 
71 
159 
44 
142 
167 
156 
94 2 
120 2 
150 
156 
156 
152 1 
59 
95 3 
155 3 
73 
58 
132 
66 
64 
159 
3 61 
170 
157 2 
155 
1 149 
64 
150 2 
55 
155 3 
156 
151 
175 
175 
3 61 
84 55 
49 
155 
74 
98 2 
3 149 
1 53 
67 
146 
81 
53 
159 
156 
147 
81 
61 
132 
160 1 
157 
132 
6 167 
54 
120 
83 
59 
50 
170 1 
58 
148 
160 
53 
149 
160 
51 
85 2 
1 175 
51 
64 
161 2 
83 
51 
149 
147 
54 2 
158 
159 
152 
51 
84 
85 2 
59 
55 
2 147 
152 
112 
51 
66 
159 
95 1 
95 
44 
51 3 
150 2 
147 
3 156 
157 
94 
59 
151 
49 1 
159 
51 3 
85 
54 
4 54 
51 
158 
64 3 
146 
150 
150 
149 
142 2 
66 
59 
85 
159 
156 
1 159 
100 
156 
66 
157 
64 
159 
160 1 
53 
159 
44 
73 
155 2 
133 3 
2 55 
159 
120 
57 
3 100 
84 
175 
170 1 
51 4 
8 156 
71 
159 9 
160 
57 
66 167 
94 2 
162 
1 71 
4 85 
142 
151 
149 2 
54 
175 
142 
148 
51 
97 
167 
1 149 
74 
2 61 
49 
3 154 
58 
57 
146 
94 
57 
132 
2 53 
160 
44 
58 
59 
4 151 
62 
57 2 
148 2 
160 
44 
84 
158 
155 
81 120 
148 1 
112 
94 
133 
156 
64 
64 
2 158 
71 
158 
5 149 
156 
101 1 
98 
55 
170 1 
3 156 
62 
146 
170 
155 3 
156 
149 
67 
160 
49 
60 
52 
95 
98 
115 
142 
61 5 
73 
53 
63 
67 
81 
51 
1 147 
4 154 
95 
1 156 
1 62 
147 
175 1 
156 
51 
175 
150 
48 
148 
66 
159 
63 
2 59 
162 
2 55 
151 
98 
155 
1 142 
148 1 
71 
156 
150 146 
157 
3 54 
132 
64 2 
1 149 
63 
2 59 
155 
101 
55 
4 154 
160 
170 4 
84 
5 61 
52 
60 
61 
52 1 
59 
132 
1 59 
158 
159 
158 2 
175 
100 
98 
66 
149 1 
55 
49 
49 
55 
64 
142 
58 3 
55 
156 
56 
57 
3 58 
1 51 
58 
44 
52 
84 
84 
47 
152 
175 
2 167 
156 
159 
149 
81 2 
5 149 
73 2 
160 
61 4 
62 52 
61 
84 
148 
167 3 
51 
162 
159 
60 
160 1 
59 
155 
5 159 
62 
3 51 
85 
2 155 
157 1 
154 
148 
73 
2 74 
150 3 
58 
156 2 
1 93 
2 53 
156 
175 
58 
156 
150 
3 161 
55 
146 
159 
2 146 
64 
167 
149 
3 61 
155 
60 
152 175 
142 
154 
3 47 
1 175 
57 1 
142 
61 4 
52 
148 2 
71 
67 
49 
61 
59 
170 1 
175 
4 132 
55 
155 
85 
149 
154 
2 61 
1 62 
175 
95 
149 
170 
101 155 
115 
61 
149 
71 
142 2 
66 
155 
2 74 
157 
149 
49 
97 
155 
55 
2 67 
59 
170 
58 
71 
73 1 
149 
73 2 
146 5 
94 
48 
59 
175 
49 
137 
2 48 
146 
51 
59 
152 
142 
142 2 
97 
167 
53 
146 
1 149 
167 1 
157 1 
1 112 
71 
59 
149 
60 
3 60 
3 49 
3 159 
58 
58 
2 132 
142 
170 
4 71 
148 4 
49 
133 3 
51 
84 
48 
120 
59 
53 
71 1 
133 
48 
157 
156 
101 
146 
1 142 
150 148 
57 
71 1 
150 
160 
71 3 
97 
158 
84 
58 
64 
115 1 
56 
3 83 
149 
146 
1 94 
142 
57 
175 
58 
4 51 
133 
150 
5 160 
137 
95 
112 
73 
149 
151 
155 
85 
50 2 
85 
1 112 
152 
142 
54 
115 5 
93 1 
175 2 
67 
157 
58 
149 
142 
60 
51 
59 
67 
62 
132 
157 1 
66 4 
155 3 
120 
64 
175 4 
160 
162 
85 3 
160 4 
98 
161 
85 
55 
159 
175 
159 
2 54 
73 
94 
159 
44 
142 
73 
4 67 
156 
84 
60 5 
3 167 
71 1 
73 
156 
2 156 
55 
49 
4 61 
112 
156 
156 
54 3 
54 
149 2 
147 
100 51 
175 
156 
115 58 
51 
57 
150 4 
142 3 
157 
57 
4 71 
3 48 
137 
158 
54 
100 
149 
152 
52 
61 
148 
4 157 
53 
1 151 
1 137 
158 
71 
63 
132 
93 
158 
52 
158 
156 
149 
51 1 
156 
149 
93 
170 2 
160 
161 
61 
93 
155 
85 2 
85 
94 
83 67 
133 
64 
3 132 
167 
160 
2 146 
146 
97 
1 49 
3 98 
59 
49 
154 
56 2 
59 48 
62 3 
61 
84 
149 
62 
59 
64 
58 
137 
4 142 
142 
58 
156 
160 3 
156 3 
154 
95 1 
63 
149 
84 
48 3 
58 
56 
115 
160 
2 112 
159 
51 
57 63 
3 54 
132 
60 
93 1 
64 
146 
95 
71 2 
73 
155 
98 
156 
149 
60 
162 
142 
52 
71 2 
58 
58 2 
52 
142 
157 1 
94 
156 
137 
62 
51 
142 
49 
3 147 
162 
154 155 
53 1 
58 
147 
3 147 
142 
59 
3 160 
147 
55 
9 61 
57 
73 3 
64 
95 
101 
162 
8 51 
64 
64 
62 4 
74 
59 
67 
61 
73 
57 115 
85 
1 51 
142 
147 
53 
4 155 
154 
155 
51 1 
170 
160 
49 3 
53 4 
2 71 
133 
142 
157 2 
62 
149 
160 1 
4 53 
158 
162 3 
1 156 
64 
162 2 
53 
155 
149 
67 
2 48 
158 
155 
73 4 
142 
93 
8 167 
50 2 
115 2 
61 
167 
146 
156 
1 112 
57 
51 
167 
4 100 
46 
148 2 
142 
150 
49 
84 
59 
1 159 
61 
2 71 
151 
2 132 
53 
3 154 
157 2 
132 
5 97 
160 
4 159 
115 2 
170 44 
56 
49 
55 
152 
58 
156 1 
85 
71 
1 151 
2 120 
160 
67 3 
149 
142 
156 
95 132 
150 
1 156 
93 
54 
142 
53 4 
156 
175 
83 
158 
157 
157 
142 
8 151 
3 73 
157 
149 
142 
133 
149 
157 1 
112 
161 
2 156 
54 
2 56 
53 
50 
60 
159 
132 
2 155 
2 74 
156 
170 
159 
142 
55 3 
85 
137 
94 
60 
2 49 
157 
148 
3 149 
73 
59 
64 
150 
133 5 
73 1 
62 
155 
120 
149 
149 
55 
98 
85 
133 
64 
57 
59 
8 156 
2 84 
2 50 
149 
161 9 
152 1 
93 4 
94 
73 
156 
64 
154 
160 
155 3 
115 
151 
2 54 
85 
52 149 
5 156 
156 
156 
115 
57 
175 
162 1 
59 
155 2 
158 
156 
161 
74 
142 
161 
48 
8 156 
154 
142 8 
46 3 
159 4 
49 
167 
158 
1 51 
56 
148 
51 
50 8 
49 
154 
151 
48 
61 
133 
154 
1 60 
149 
2 97 
142 
98 
159 
154 
71 
94 
170 
133 
156 
60 
60 
175 
115 1 
160 
161 
147 
84 
142 
167 
154 
149 
2 142 
142 
63 
162 4 
51 
142 
61 
142 161 
61 
71 
57 
156 
154 
156 3 
85 
2 157 
155 
64 
49 
149 1 
160 
83 2 
71 
175 
73 
58 2 
159 2 
95 
58 
156 1 
51 
84 
81 
95 1 
5 149 
112 
94 2 
132 
47 
175 
158 
52 
146 
51 
149 
156 
154 
66 
150 
94 
120 
159 
64 
137 
115 4 
156 
1 142 
49 
155 
2 137 
85 
66 
4 93 
1 167 
160 
150 1 
98 
61 2 
161 
149 
51 
83 5 
101 
62 
52 
85 
159 
151 
61 
56 
1 132 
59 
2 49 
1 74 
155 
93 
156 
158 
55 
4 160 
162 2 
142 
175 2 
64 4 
154 1 
67 
71 
156 
74 
3 137 
59 
52 2 
2 149 
98 2 
61 1 
155 
154 
3 155 
160 3 
52 
158 
167 
64 
66 
67 
149 
51 
4 142 
62 2 
3 146 
73 
154 
52 
57 
155 
56 
46 
54 
93 
3 93 
2 54 
4 132 
1 48 
2 149 
142 
84 
61 
149 
1 149 
4 61 
71 
157 
120 
51 
55 
49 
1 142 
55 
3 44 
58 2 
1 53 
57 
61 
157 
81 1 
133 
60 
55 
56 
95 
161 
51 
120 
150 
1 63 
49 175 
162 
142 
53 
54 
81 137 
155 
167 
60 
61 
2 71 
101 
51 
85 
67 
59 
157 
146 53 
50 1 
95 2 
48 3 
73 1 
158 3 
137 
132 
57 142 
58 
56 
4 53 
160 
149 
59 
83 
64 
85 
162 
1 53 
81 
2 56 
2 137 
66 1 
2 146 
48 
54 
157 
167 
170 10 
63 
55 
146 1 
1 53 
100 
5 151 
157 
3 62 
149 
149 
95 
50 
2 137 
85 
155 
55 
62 
155 
150 
57 
49 
58 
61 
146 
156 
147 
48 
100 
170 
60 
81 
3 61 
151 
150 81 
61 
146 
53 
58 
155 2 
152 
142 
115 44 
160 1 
74 
59 
1 50 
52 
71 
161 
156 
73 
51 
2 58 
51 
142 
151 
58 4 
81 
64 
158 
132 
2 147 
62 7 
156 
73 
94 
167 2 
162 9 
3 112 
155 
154 
158 
115 
150 
52 2 
73 1 
160 
101 
142 
67 
61 
170 3 
149 2 
85 9 
51 
49 
115 
59 
47 
160 
157 1 
3 156 
149 1 
137 
52 
48 
149 
4 156 
157 5 
155 
148 
150 
167 3 
94 
56 
149 
52 4 
120 
151 
59 
132 
3 137 
53 
59 
101 
59 
160 
146 
149 
3 44 
85 
1 175 
149 
61 
151 
73 3 
157 
175 
158 
51 
61 
162 
67 
4 155 
85 
50 2 
66 
149 
73 
112 
175 
55 1 
52 2 
1 63 
155 
64 
100 
137 
115 2 
149 
156 
170 5 
149 
9 157 
156 
54 
170 2 
132 
94 
51 1 
155 4 
52 
56 
142 
71 
149 
175 1 
2 73 
52 
156 
57 
49 
46 
101 142 
157 
61 
1 159 
4 93 
160 
66 132 
58 
160 
56 
161 
54 
61 
53 
1 71 
48 137 
57 1 
152 
49 
57 
98 
61 
101 
9 132 
64 4 
52 
1 160 
147 
57 2 
162 
152 
151 
162 
58 
54 
2 156 
133 
54 
1 156 
137 
157 
64 
150 
160 
52 53 
2 52 
156 
142 
64 
151 
159 4 
64 
93 
156 
158 
95 2 
84 
73 
64 
146 
4 147 
1 159 
81 
66 
148 2 
59 
73 3 
83 
146 
60 4 
115 3 
1 112 
60 
61 
2 97 
95 
59 2 
156 
156 
146 
49 
51 
84 1 
58 
2 149 
156 
157 
161 
57 
133 
1 53 
94 
160 
175 
149 
100 
115 3 
148 
97 
157 
51 
98 
57 
155 
159 
1 112 
167 
175 
97 
57 51 
58 
115 
66 
170 
66 
157 10 
60 
53 
142 
154 
132 
156 
50 
2 61 
71 
85 
162 
6 167 
146 
142 1 
155 
142 1 
133 
51 
2 146 
3 137 
49 
95 
55 51 
3 147 
160 
48 
93 
93 
66 
49 
175 
150 3 
146 
49 
158 1 
52 
154 
151 1 
4 149 
51 
55 4 
149 
101 2 
133 
51 
71 
137 
1 58 
1 159 
53 
83 1 
158 
60 
161 
54 
48 
152 
57 
55 
54 
52 4 
149 
149 
54 4 
58 9 
112 
61 
55 
1 149 
83 
142 
52 
94 2 
52 
51 
159 
149 
159 
137 
151 
44 2 
146 
49 
120 
155 
54 
152 
157 
50 
170 
2 66 
52 
51 
81 1 
132 
2 61 
50 
57 1 
162 
170 
51 
71 
146 
2 160 
170 
4 154 
175 
133 
156 
150 
85 
142 
148 1 
156 
154 
132 
9 58 
167 
53 
161 
49 
170 2 
73 
157 
55 
83 
159 
1 147 
156 
159 
51 
160 
2 62 
148 
100 
1 74 
58 1 
149 1 
170 2 
156 
160 
156 
150 
73 
1 159 
155 
81 
155 
160 
60 
60 
59 
148 57 
149 
100 5 
55 
4 142 
2 137 
175 
51 
159 
155 
150 
175 
161 
101 
71 
2 67 
2 74 
60 3 
150 1 
54 
142 
52 
51 
71 
3 142 
157 
156 
160 
120 
9 156 
74 
61 
157 3 
59 
57 
152 
62 3 
84 
64 155 
156 
49 
157 
1 149 
61 
2 152 
157 
146 
61 
150 1 
4 53 
71 
156 
142 
142 
115 
142 
49 2 
56 
151 
162 
71 1 
155 
159 
100 
133 
61 
71 
56 
120 3 
61 
66 
52 
142 3 
56 
155 
159 
1 142 
71 
1 48 
54 3 
59 
2 142 
160 
167 
2 142 
142 
156 
84 1 
150 
67 
73 
146 2 
85 4 
59 
4 148 
58 
53 
2 59 
59 
85 2 
112 
57 
83 
142 
81 
49 
156 
95 
51 
52 
74 
156 
147 
81 
73 2 
83 1 
162 
149 
61 
162 
2 159 
58 
150 
161 
53 
71 
67 
1 149 
4 142 
156 1 
161 
1 175 
55 
97 
62 
94 5 
149 
152 
2 49 
59 154 
159 
1 147 
148 
47 
56 1 
56 
149 
3 61 
58 
64 
51 
64 
52 
149 
50 
53 
60 
159 
157 
159 
58 2 
84 
149 3 
149 
154 
170 6 
44 
133 
58 2 
142 
149 
175 4 
51 
48 
157 1 
152 
54 
156 
4 112 
84 
112 
53 
84 
147 
2 167 
57 
175 
156 
71 
63 
81 
155 2 
51 
167 
162 
95 
3 137 
97 
9 60 
175 1 
156 
59 
155 
48 
154 
151 
1 146 
56 
4 54 
61 
142 
159 
57 
62 
2 53 
159 
53 
1 61 
175 
155 
159 
158 
51 
46 
51 
97 
94 2 
3 51 
142 1 
146 
48 2 
64 
58 
156 
142 
60 
59 
73 
63 
148 4 
167 
48 
64 
2 156 
156 
157 
64 
64 
44 
84 
155 
156 
62 
2 167 
160 8 
64 
48 
53 
170 
94 
50 
51 
71 
53 
49 
156 
57 
2 57 
142 
74 
156 
175 
175 
54 
3 167 
157 
93 
2 61 
62 
155 
62 2 
94 
49 
142 
62 4 
115 
49 
156 
142 
149 
47 
159 
101 4 
95 1 
46 2 
157 
53 
142 
64 2 
49 
58 1 
142 
5 59 
2 132 
4 167 
3 156 
147 
133 1 
59 
44 
61 
120 
1 157 
3 53 
149 
146 
3 156 
146 
51 2 
47 
155 
49 
148 
100 
1 100 
132 
57 
51 
154 
59 
155 142 
162 
148 
159 
61 
1 46 
55 2 
59 
157 
3 149 
149 
160 
151 
157 
158 
167 
51 
154 1 
149 3 
142 
51 
85 
62 
115 3 
84 3 
73 
57 
156 2 
159 
2 49 
157 
156 
4 54 
81 
156 
158 
2 58 
64 3 
146 
74 
60 
1 62 
58 
160 
97 
157 
49 
67 
93 
59 
159 
73 
5 61 
51 
59 
97 
157 2 
142 
142 
150 
85 
52 1 
149 
51 
120 
154 
162 
53 
142 
142 
4 156 
49 
146 
48 
149 
155 
53 
46 3 
3 58 
162 2 
55 
112 
149 
94 
1 112 
55 2 
150 
83 
156 
46 
161 
61 
58 
159 
62 10 
3 74 
64 
175 
152 67 
73 
93 3 
148 
81 
156 
55 
158 
64 61 
175 2 
2 66 
148 
155 
170 
51 
54 
159 
1 101 
84 
64 
57 1 
157 
156 
147 
120 
156 
52 
44 
100 2 
64 
149 
2 63 
150 
1 59 
132 2 
156 
115 
101 
156 
52 
149 
64 3 
54 
150 
57 
160 6 
156 
151 
147 
2 67 
49 5 
62 
159 
59 
146 
4 48 
1 147 
2 137 
64 
156 
64 
101 
156 
101 
148 
85 2 
148 
71 
52 2 
156 
57 
60 
50 2 
154 
133 
44 4 
71 
71 
50 
62 
112 
155 1 
2 159 
98 
60 
159 
157 
132 
49 
2 156 
115 
2 51 
1 154 
3 158 
160 1 
156 2 
97 
160 
1 156 
147 
52 
157 
1 58 
50 2 
3 112 
53 1 
95 49 
54 
46 
83 
59 
61 
98 1 
147 
1 48 
160 
71 
3 132 
2 59 
115 
58 
142 
66 142 
150 4 
142 
137 
150 
57 1 
147 
83 2 
71 3 
8 73 
1 156 
154 
156 
115 
56 
115 2 
61 
146 
148 1 
6 161 
53 
57 2 
157 
84 
64 
146 
48 6 
85 
146 2 
157 
149 
158 
160 
159 
133 
147 
48 
57 
9 146 
152 1 
51 
160 
155 
157 
56 4 
83 1 
175 
54 4 
161 
49 
54 
1 148 
85 
156 
156 
154 
98 
59 
58 
175 
142 
2 61 
155 9 
60 
142 
57 
54 
133 
64 1 
101 
85 
2 83 
1 49 
64 
157 
83 3 
156 
155 
2 55 
85 
156 
154 2 
57 3 
101 
112 
53 
4 59 
160 
161 
157 
137 
4 50 
155 
71 
115 
149 
93 
59 
157 
55 
1 63 
1 149 
158 
73 
154 
60 
3 159 
71 
149 
155 
2 159 
132 
152 
150 
52 
55 
154 
159 
84 2 
83 
101 
73 
94 
120 
85 
3 149 
61 
94 
120 
51 
52 
159 
50 
60 
60 
155 
1 161 
52 
1 159 
57 
154 
48 
67 6 
58 
85 
5 149 
142 
2 160 
152 6 
159 
162 3 
94 
47 
57 
2 97 
142 
160 
8 100 
51 
55 
2 159 
147 
1 93 
2 147 
94 
142 
3 49 
159 
175 
1 48 
53 
48 
49 
133 
52 
162 
156 
67 
161 
156 
64 8 
58 
162 
146 
132 
161 
158 
95 
142 
147 
51 
44 7 
155 3 
4 156 
112 
60 
161 
98 2 
62 
59 
59 2 
62 
51 
158 
101 2 
152 2 
59 
175 5 
157 
167 
160 
161 
98 
58 
84 
160 
142 
48 
142 
54 
137 
101 
133 
2 151 
60 
101 
49 
142 
59 
4 73 
85 
150 
2 137 
137 
156 
3 49 
112 
50 
159 
62 
133 1 
98 149 
64 
5 63 
61 
115 
52 1 
85 
156 
1 55 
61 
115 
94 3 
142 
71 2 
56 
154 
64 
60 2 
161 
73 
95 1 
151 
155 
61 
175 1 
66 
1 61 
157 
175 
148 
59 1 
57 
142 
59 
152 
59 
157 
133 
151 
64 
151 
73 3 
156 
156 
146 
160 
152 
151 
98 1 
49 
93 2 
154 
58 
61 3 
3 155 
148 
156 
175 
64 
61 
2 158 
66 
73 
49 
52 
112 
50 
1 158 
63 
55 
64 4 
156 
1 58 
2 61 
1 71 
150 
4 156 
160 
147 
58 
59 
84 
152 
155 
147 
59 
46 
146 
149 
58 2 
1 97 
156 
154 
142 
67 
59 
146 
52 
152 
73 3 
155 
3 175 
149 
148 
142 
95 
66 
61 
120 
152 
133 112 
100 
95 1 
3 101 
142 
152 
149 
5 149 
149 
44 
157 
56 
161 
132 
160 
1 55 
4 100 
6 156 
57 
51 
137 
84 
2 152 
83 2 
160 
148 
58 
142 3 
95 2 
66 
120 4 
56 
58 
156 
62 
159 
97 
112 
149 
156 
64 1 
156 
55 3 
1 57 
152 
3 52 
159 
142 4 
100 
56 3 
160 
48 
148 
170 
73 
155 
73 
52 9 
53 
133 4 
49 
142 
59 
149 
157 
73 
2 157 
62 
54 
157 
154 
55 
162 2 
47 
62 
152 
146 
149 
2 156 
55 2 
51 2 
160 3 
137 
57 
71 
155 1 
83 
4 156 
95 
152 5 
115 
81 2 
132 
51 
53 
156 
49 
54 
66 
55 5 
175 
159 
73 159 
64 
9 155 
101 159 
49 1 
2 155 
84 
157 2 
137 
66 
155 
157 
47 
159 
71 
9 74 
161 1 
53 
159 
93 
133 
55 3 
56 
142 
159 
55 51 
167 
150 
157 2 
159 
148 
160 
161 
155 
133 
151 
146 1 
142 
60 
155 
49 
161 
156 
57 
74 
57 
146 2 
66 
150 
98 
3 61 
137 
160 
155 
48 
3 152 
142 
71 
52 
147 
53 
149 
4 62 
142 
3 142 
1 67 
151 
149 
170 
100 
51 
133 
120 
57 
151 
1 151 
66 2 
5 48 
61 
156 
120 3 
51 1 
160 
147 
156 
73 3 
73 
59 
1 157 
142 
1 155 
83 
60 
54 
55 
115 1 
50 
61 
98 
52 
74 
57 
61 
161 
66 3 
146 3 
159 
1 81 
3 156 
84 
83 
159 
71 
162 1 
84 
150 
175 5 
156 
4 47 
84 
57 
55 
3 98 
94 
100 
9 156 
142 
142 
147 
62 
156 
62 
157 
64 
161 
49 
74 
146 
61 
49 
44 
142 7 
59 
49 1 
149 
64 
155 2 
51 
73 
94 
84 
142 
1 159 
154 
59 
157 
49 
159 
81 
83 1 
101 
50 
81 
137 
100 
157 
71 
152 
170 
95 1 
158 
51 
48 3 
7 84 
59 
50 1 
170 
59 
115 1 
2 137 
85 1 
158 
48 
64 
112 
142 1 
115 
132 
83 1 
150 
142 
112 
84 
51 
156 
156 4 
149 
57 2 
55 
1 71 
132 
51 2 
157 
115 
44 
3 55 
142 
3 157 
2 59 
1 159 
154 
120 
95 
60 
58 
50 3 
49 3 
142 
142 
55 
1 71 
150 
149 
2 147 
170 
149 
162 
152 
155 
142 
157 2 
53 
51 
3 147 
71 5 
52 
170 
71 3 
52 
55 61 
154 
55 
59 
2 61 
154 
2 159 
49 
159 
157 4 
132 
59 3 
58 
132 
162 
58 
155 
154 
1 61 
83 
146 5 
54 2 
3 156 
150 
151 
146 
67 
3 151 
157 
61 
54 2 
152 1 
100 
1 158 
159 
157 
133 
85 158 
156 
170 1 
1 49 
61 
85 
60 
56 
61 
160 
97 
2 157 
53 
85 
115 1 
156 
149 
120 
149 2 
142 
159 
132 
61 
1 148 
98 1 
120 
59 
53 4 
152 
3 93 
50 51 
100 
154 
160 
51 
137 
81 
59 
61 4 
2 149 
57 3 
53 
170 
73 
149 
61 
2 59 
64 
3 149 
156 
55 
167 
147 
73 
155 
56 
149 
58 
142 
58 
156 
160 
151 
52 1 
160 
49 
142 1 
60 1 
94 
112 
61 
157 
93 
64 
95 
95 84 
115 5 
4 146 
58 
64 
1 53 
71 
73 
67 1 
142 
98 
64 
4 137 
1 46 
112 
66 
50 
73 
44 
149 3 
4 161 
59 57 
1 54 
84 
161 
142 
149 
154 
142 
73 
162 1 
120 1 
63 
149 
94 66 
151 
156 
5 157 
73 
157 
95 
1 155 
58 
156 
73 
3 47 
73 
161 
98 
159 
61 
155 
133 
61 
49 
161 
97 
149 
48 
150 3 
148 
53 
3 51 
67 
157 3 
151 
133 2 
52 2 
57 1 
4 156 
155 
83 
155 
156 
150 
132 
2 161 
53 
59 
142 
159 
2 155 
150 2 
2 97 
148 
83 
149 
155 
142 3 
85 
142 
94 
137 
52 
94 
58 1 
155 
160 
167 
60 
155 
62 
1 51 
160 5 
1 159 
142 
156 
160 
155 
162 
1 149 
66 
159 
157 
2 84 
48 
95 
51 
162 2 
97 
101 147 
63 
2 67 
54 
5 154 
150 
159 
59 
53 
142 
3 149 
61 
61 
120 1 
51 
51 
59 
3 112 
62 
133 
61 
1 156 
5 55 
85 
55 
64 
167 
156 
49 
61 
156 
60 
148 1 
167 2 
55 
71 4 
74 
112 
167 
2 100 
156 
120 
133 
71 1 
175 
56 
146 6 
152 
2 74 
142 2 
61 67 
170 
170 
151 
159 8 
51 
1 175 
4 100 
59 
1 67 
97 
84 
97 
2 146 
53 
73 3 
1 142 
2 159 
155 
160 2 
71 
175 5 
100 
155 
59 
94 
157 
152 
71 2 
175 
2 157 
160 
159 
64 
156 
59 
159 
81 
51 
3 61 
85 2 
3 61 
2 149 
66 
156 
51 
2 53 
56 
60 
93 
3 148 
95 
64 
5 155 
159 
170 
170 4 
58 
150 4 
61 
148 
2 55 
149 
84 
54 
84 
152 
3 154 
83 
1 48 
142 
59 
152 
152 4 
156 
157 
115 
55 
162 
167 
59 
115 
152 2 
133 
161 
170 
152 
64 
52 3 
54 
149 
58 6 
58 
146 
170 
73 2 
1 51 
57 2 
152 
155 
156 
142 
52 
112 
3 51 
175 
67 
112 
156 
67 
71 
160 
115 
157 1 
132 
149 
156 
84 
149 
151 
98 
64 
2 142 
4 152 
59 
49 
2 97 
4 142 
149 
148 
61 
157 
4 67 
62 3 
73 
71 
2 132 
155 
175 
2 155 
170 
73 49 
159 
59 
53 
175 
142 
60 1 
64 
66 
5 61 
50 
175 
52 
154 
175 
4 142 
59 
155 
149 1 
161 
142 
1 71 
59 
1 155 
94 
146 
150 
48 
154 
61 
50 2 
57 
57 
59 
1 59 
149 
56 
84 
51 
52 
161 
57 
115 
3 55 
97 
120 
60 
156 
156 
162 1 
160 
51 
55 
160 4 
162 1 
120 
160 
148 
58 4 
157 
62 
3 142 
48 147 
120 
154 48 
71 1 
52 
149 
2 149 
54 
5 142 
162 
170 
149 
85 2 
60 6 
160 
142 
51 
160 
56 
55 
157 3 
67 
53 
159 
150 1 
48 
56 156 
133 2 
67 
56 
95 4 
71 
93 3 
150 
4 61 
156 
98 
59 
148 
157 
157 4 
132 
49 
84 2 
162 
112 
2 159 
2 167 
63 4 
175 
156 2 
56 4 
59 
3 156 
4 156 
73 
2 159 
149 
155 
93 
67 
142 4 
156 
149 
170 
149 
48 
3 62 
149 
1 147 
132 
156 
162 3 
1 93 
160 
149 
84 1 
62 
49 
6 159 
55 
48 2 
160 
85 1 
97 
84 
3 156 
49 
160 
160 3 
60 
156 
150 3 
157 1 
156 
59 2 
159 
3 132 
53 3 
1 50 
149 
83 
73 
160 
51 3 
142 
154 
51 
149 
58 
112 
160 
162 5 
66 
149 
2 97 
170 
60 
51 
59 
101 
160 
47 
50 2 
3 154 
142 
156 
155 
146 
167 
83 2 
73 
55 
149 
55 
47 
62 
57 
152 2 
52 120 
4 97 
58 
51 1 
156 
150 1 
167 
59 2 
58 
66 
3 97 
156 
52 
156 
133 
151 3 
98 
170 3 
93 
146 
61 
157 
160 
167 
61 
49 2 
60 
3 74 
149 
54 
142 
4 159 
95 
3 161 
148 
2 159 
2 67 
53 5 
157 
57 5 
84 
83 
148 
149 
48 
53 
63 2 
60 
160 
157 
112 
162 
159 
53 
83 
57 
84 
55 
1 146 
150 5 
160 
156 
50 1 
85 
2 158 
74 
120 
64 4 
58 
2 54 
137 
148 
59 
157 
84 
100 5 
149 
64 1 
2 159 
93 
85 
175 2 
2 112 
100 
155 
148 
52 2 
159 
1 156 
1 142 
64 
73 
60 
57 
154 
115 
160 4 
48 
53 
149 
59 
64 
158 
84 
159 
175 
175 
147 
55 
63 
167 
160 
3 175 
148 
101 1 
146 
150 
98 
170 
162 
66 
98 
55 
6 154 
3 137 
156 
74 
148 
44 1 
170 10 
74 
55 
160 
53 
162 
150 
160 
3 59 
59 5 
150 
62 
56 
147 
120 
2 67 
58 2 
137 
148 
73 2 
59 
1 93 
64 
71 
155 1 
66 
64 
149 8 
64 
44 
2 49 
150 47 
156 
167 
100 
84 
150 
73 
57 1 
4 48 
49 
59 
157 
170 
56 
49 
62 
74 
67 
61 
1 67 
158 
160 
2 149 
1 142 
59 
71 
161 
3 156 
147 
55 
61 
98 
133 2 
73 
156 
57 
175 1 
151 
62 
60 
93 
1 156 
137 
73 
101 
60 1 
149 
112 
98 
62 
1 142 
160 
133 
85 2 
61 
158 
81 
149 
61 
54 
147 
53 
148 
3 47 
2 97 
157 
151 
156 
53 
146 
57 
156 
49 
158 
160 2 
142 
64 
170 4 
142 
51 
53 
3 85 
158 
161 
1 58 
2 48 
74 
157 
60 3 
58 
61 
53 1 
149 
175 
2 156 
3 156 
156 
152 
152 3 
8 97 
120 3 
52 
148 
155 2 
54 
1 159 
167 1 
73 
56 
55 
57 
71 
132 
157 
156 
159 2 
156 
101 2 
157 
155 
149 
158 
2 55 
57 
62 
73 
3 58 
51 
132 
93 2 
49 2 
156 
61 
149 3 
154 3 
146 
66 
142 
4 53 
49 
50 2 
156 
51 
93 
120 
151 
120 
98 
155 
49 
101 
64 
155 
120 
71 
58 
59 
154 
51 
61 
157 
157 2 
55 1 
149 
155 
53 
1 161 
132 
64 
57 
49 1 
58 
142 
71 
175 
175 1 
58 
142 
60 
56 
146 3 
85 3 
60 
98 2 
156 
71 
170 3 
155 4 
58 
57 1 
142 
147 
170 
1 167 
95 
95 
162 1 
175 
52 
3 62 
5 49 
156 
133 
156 
61 
71 
158 
2 142 
64 
155 146 
149 
175 
2 159 
156 
156 
61 
156 
2 142 
1 67 
120 
59 100 
73 2 
51 
101 3 
162 
132 
3 51 
160 
149 
175 
112 
101 
52 
1 137 
62 
50 
156 
158 
55 3 
84 
154 
2 158 
1 84 
151 2 
74 
146 
154 
2 157 
157 
64 
151 
3 61 
2 137 
148 3 
73 
159 
98 137 
95 3 
2 155 
71 
67 
120 
64 
55 60 
60 
100 
2 155 
52 
133 
57 
60 
133 2 
159 
59 137 
55 
66 
84 
50 
156 
44 
53 
59 
160 
142 
73 
47 
46 
53 
155 7 
3 156 
74 
52 5 
157 
57 
120 
151 
154 1 
3 156 
150 
120 1 
149 6 
170 
175 
161 
149 
155 
81 
160 
4 156 
4 48 
3 156 
149 
149 
160 
156 
51 
149 
158 
149 
8 149 
142 
161 
66 5 
58 
133 
71 
155 
57 
160 2 
84 
53 
48 2 
97 
147 
60 
64 
98 
142 
71 
115 4 
4 73 
161 
2 160 
161 
159 
156 2 
156 
95 1 
147 
149 
149 
137 
2 147 
151 
84 
5 158 
2 146 
3 73 
175 
149 
160 
64 
133 
155 
170 
85 
61 1 
1 51 
142 
71 
175 
85 
49 
160 
58 
147 
112 
59 1 
101 
175 1 
64 3 
157 
54 
67 
120 
57 
44 
154 
95 1 
56 
64 
51 2 
155 
150 1 
93 
73 3 
49 
98 
132 
51 
2 54 
156 
1 154 
62 
142 
150 
85 4 
84 
175 
167 
3 161 
1 156 
73 2 
120 
58 
3 73 
3 159 
66 1 
2 137 
51 
2 161 
152 
157 
73 
149 
59 
55 
1 159 
151 
61 3 
4 51 
112 
2 149 
142 
59 
98 
142 
49 2 
149 
160 
2 47 
159 
46 
156 47 
57 
56 1 
158 
9 55 
167 
157 
55 4 
4 61 
155 
147 
55 
83 
149 
156 
61 1 
156 
112 
1 147 
95 1 
2 175 
56 
59 
66 
155 
157 
156 2 
3 112 
160 
156 
1 101 
157 
1 167 
142 4 
61 
2 167 
154 
159 1 
156 1 
159 
60 
101 
61 
151 
167 
54 
3 151 
98 1 
71 
3 175 
3 147 
175 
132 
142 
133 
162 
52 
2 53 
142 
115 2 
66 
152 
146 2 
157 
52 
159 
149 
60 
150 
154 
162 
142 
59 
58 
170 
151 
115 
71 
156 
148 2 
84 2 
170 
58 
57 
158 
97 
115 3 
51 4 
142 
1 156 
66 
49 
56 
3 55 
58 1 
73 
3 74 
115 1 
162 2 
155 3 
64 4 
4 97 
162 
133 10 
58 
146 
152 
149 
84 
133 
44 49 
56 
1 142 
151 
67 
159 
156 
1 157 
160 
2 142 
149 
159 
73 
83 
133 
3 54 
2 54 
67 
85 3 
152 1 
85 
167 
49 
1 51 
61 
61 1 
100 
142 4 
51 
48 
146 
66 2 
156 
60 
44 7 
59 
54 
156 3 
142 
160 2 
132 137 
51 
52 
57 
59 
66 
71 5 
67 
157 
167 
66 
49 
142 
62 
170 3 
175 
149 
159 
150 6 
156 
151 
112 
60 
56 
4 55 
151 
58 
155 
74 
94 48 
149 
1 156 
159 
157 
62 2 
74 
52 
46 6 
147 
156 
66 
81 
137 
2 155 
46 5 
156 
3 132 
1 97 
142 
157 
8 61 
53 4 
57 
84 
60 2 
51 
156 
51 
149 
156 
160 
137 
4 156 
9 137 
160 1 
85 
1 157 
149 
4 62 
73 
73 
57 
1 156 
158 
120 
55 
4 66 
98 
147 
54 2 
149 1 
170 
54 1 
52 
6 158 
157 1 
49 
157 
94 
161 
49 
48 
137 
162 
147 3 
84 
64 
62 
2 97 
49 3 
60 
60 
156 2 
162 
84 
57 
158 
160 
61 1 
142 
3 161 
53 
59 
149 
60 
175 
59 2 
156 3 
142 
1 48 
2 47 
48 
50 6 
151 
71 
100 
66 
83 1 
137 
73 3 
4 156 
67 
170 
4 157 
4 151 
170 
137 
152 
84 
58 
156 
154 
159 4 
2 48 
95 
51 
48 
112 
142 
146 
160 
156 
97 
66 1 
115 
155 
46 5 
156 
142 
142 
1 161 
147 
175 
44 
2 59 
142 
73 
100 
2 175 
142 
152 
156 
64 
50 
62 
2 73 
162 
58 1 
61 
49 
2 159 
95 3 
170 
142 
57 3 
150 175 
2 160 
73 
51 3 
142 
85 1 
73 
156 
73 
158 
85 
54 
51 
95 
142 
59 
137 
3 51 
2 149 
66 
49 
58 156 
85 
57 
84 2 
101 
142 1 
133 
4 97 
60 
149 
160 
84 
63 
85 149 
156 
62 
142 
4 156 
49 
57 
71 
156 1 
71 
48 
142 
149 
55 
66 3 
53 
159 
73 
46 
95 
157 
84 
156 
133 
85 
59 
51 
157 
66 
159 
74 
85 
158 
148 3 
157 
149 3 
58 
66 
133 2 
2 59 
66 
46 
5 156 
156 4 
49 
167 
49 3 
81 3 
97 
142 
146 
149 
160 2 
66 
47 159 
59 
59 5 
170 
150 2 
73 
175 2 
170 
157 
149 
4 149 
98 
66 
132 
120 
152 
58 
46 
3 53 
115 
167 
84 
133 
142 9 
170 
54 
60 
5 159 
1 154 
57 2 
50 
100 
59 
2 53 
112 
159 
149 
59 148 
49 
58 
2 159 
156 
155 
54 
160 
60 
71 159 
8 55 
2 167 
149 
44 
159 
157 
71 1 
1 142 
156 
167 2 
83 1 
3 159 
167 
159 
4 49 
2 60 
59 
155 
142 
167 
120 
3 157 
115 
44 
59 
142 
71 
2 175 
149 4 
170 2 
62 
154 
2 160 
44 
158 
158 112 
2 151 
64 
74 
57 3 
62 
142 
159 
155 
112 
1 155 
160 2 
158 3 
61 
73 
148 
156 
2 161 
57 
66 
83 
54 
67 
54 
2 151 
155 1 
149 
61 
167 
4 49 
2 155 
100 
57 3 
56 
112 
61 
101 
149 2 
61 
1 48 
49 2 
152 4 
157 
50 
62 
2 59 
3 93 
1 93 
95 2 
157 
149 
151 
149 
170 
60 
50 
148 
49 
160 
51 
149 
120 
5 156 
156 
157 
64 149 
120 1 
73 
55 
142 2 
155 
162 
66 
156 
3 55 
4 85 
133 2 
157 
81 
3 59 
64 
137 
1 49 
66 
53 
3 56 
83 5 
175 1 
52 
59 
112 
156 
142 
2 147 
61 2 
142 
2 85 
161 
2 93 
48 
93 
147 
61 
49 
142 
152 
61 
2 58 
63 
74 
120 4 
55 
6 137 
155 
54 
156 
149 
159 
142 
95 
64 
4 149 
48 
85 
132 
84 
48 
156 
152 
44 
149 
54 
156 
146 
132 2 
52 
137 
160 
64 2 
160 
73 
151 
61 
167 
49 
148 
2 84 
73 
51 
63 
159 
55 
149 
59 
51 
55 84 
59 
159 
73 1 
97 
59 
1 149 
59 
162 
162 
142 
71 
3 64 
54 2 
156 
49 
52 
157 
167 
133 
71 
59 3 
142 
56 
150 3 
61 
154 
59 3 
66 2 
155 
49 8 
57 2 
67 
154 
142 149 
156 
149 
2 158 
142 
81 
1 74 
142 
4 58 
151 
150 
52 2 
170 
101 2 
133 
170 
150 
142 
142 
142 
142 4 
