0.7266998291015625
0.6606578826904297
0.3771781921386719
0.6988048553466797
0.6780624389648438
0.6043910980224609
0.7228851318359375
0.8933544158935547
0.92315673828125
0.6773471832275391
0.7309913635253906
0.67901611328125
0.6566047668457031
0.6535053253173828
0.6706714630126953
0.3590583801269531
0.6539821624755859
0.3719329833984375
0.6411075592041016
0.6253719329833984
0.7135868072509766
0.8625984191894531
0.6489753723144531
0.7183551788330078
0.6628036499023438
1.2106895446777344
0.6473064422607422
0.7164478302001953
1.0097026824951172
1.146554946899414
0.8754730224609375
0.3597736358642578
0.3802776336669922
0.6535053253173828
0.8938312530517578
0.9481906890869141
0.8933544158935547
0.9751319885253906
0.5652904510498047
0.9481906890869141
0.8559226989746094
0.8242130279541016
0.5736351013183594
0.7054805755615234
1.3310909271240234
0.7567405700683594
0.7162094116210938
0.7700920104980469
0.6358623504638672
0.9343624114990234
0.3612041473388672
0.7030963897705078
0.6077289581298828
0.728607177734375
0.7317066192626953
0.6589889526367188
0.9624958038330078
0.7152557373046875
0.6818771362304688
0.6885528564453125
0.6251335144042969
0.6926059722900391
0.6458759307861328
0.6616115570068359
0.6923675537109375
0.3809928894042969
0.6203651428222656
0.83160400390625
0.6961822509765625
0.6687641143798828
0.8356571197509766
0.6580352783203125
1.190185546875
0.67138671875
0.6458759307861328
0.9725093841552734
0.6535053253173828
0.7207393646240234
0.6933212280273438
0.6082057952880859
