1.2378692626953125
1.1489391326904297
1.2946128845214844
1.6658306121826172
1.199483871459961
1.5125274658203125
0.7550716400146484
1.5168190002441406
1.4128684997558594
1.271963119506836
1.6276836395263672
1.5790462493896484
1.6050338745117188
0.8232593536376953
1.3663768768310547
1.6455650329589844
1.8627643585205078
1.3303756713867188
1.7712116241455078
1.390218734741211
1.5060901641845703
1.7709732055664062
0.7307529449462891
1.188516616821289
1.2447834014892578
1.409769058227539
0.7219314575195312
1.386880874633789
0.7145404815673828
1.268625259399414
0.7190704345703125
1.2962818145751953
1.5177726745605469
0.7429122924804688
1.25885009765625
0.7836818695068359
1.8029212951660156
1.500844955444336
1.2664794921875
1.2941360473632812
1.2135505676269531
1.6617774963378906
0.7977485656738281
0.7166862487792969
1.7592906951904297
0.7379055023193359
1.2884140014648438
1.5354156494140625
1.3043880462646484
1.7843246459960938
1.3012886047363281
0.8552074432373047
1.2555122375488281
1.4350414276123047
1.3363361358642578
1.7976760864257812
1.4066696166992188
1.6167163848876953
1.7082691192626953
0.7219314575195312
1.6143321990966797
1.8703937530517578
1.2519359588623047
1.3954639434814453
1.5285015106201172
1.3689994812011719
1.398324966430664
0.7264614105224609
1.5060901641845703
1.3778209686279297
1.3251304626464844
1.3401508331298828
1.4870166778564453
1.451253890991211
1.1668205261230469
1.224517822265625
1.3637542724609375
1.4679431915283203
1.7638206481933594
1.2516975402832031
1.1341571807861328
1.4302730560302734
1.8680095672607422
1.4162063598632812
1.299142837524414
1.2636184692382812
1.1599063873291016
1.4619827270507812
1.2221336364746094
221.9851016998291
210.78252792358398
0.8521080017089844
201.3709545135498
1.2676715850830078
168.86353492736816
174.35503005981445
1.3375282287597656
45.39918899536133
298.2490062713623
243.98565292358398
163.84649276733398
215.5590057373047
276.073694229126
169.58355903625488
1.3554096221923828
46.762943267822266
156.6462516784668
232.4814796447754
286.30638122558594
1.8990039825439453
1.3191699981689453
1.2774467468261719
1.3086795806884766
49.681901931762695
167.9549217224121
51.18727684020996
1.86920166015625
35.37631034851074
198.95505905151367
1.3413429260253906
226.45163536071777
218.28484535217285
