1.2056827545166016
1.2180805206298828
1.2447834014892578
1.3775825500488281
1.3124942779541016
1.1737346649169922
1.2433528900146484
1.2638568878173828
1.3942718505859375
1.199483871459961
1.4061927795410156
0.8497238159179688
1.4145374298095703
1.5952587127685547
1.1801719665527344
1.3556480407714844
1.3141632080078125
1.4014244079589844
1.6329288482666016
1.7614364624023438
1.821756362915039
1.1124610900878906
1.2440681457519531
1.5413761138916016
1.1479854583740234
1.3005733489990234
0.7927417755126953
1.0690689086914062
1.4195442199707031
1.1467933654785156
0.8795261383056641
1.1148452758789062
1.188039779663086
1.131296157836914
1.2459754943847656
1.753091812133789
1.1310577392578125
1.2814998626708984
1.2462139129638672
1.280069351196289
1.1599063873291016
1.4121532440185547
1.1920928955078125
1.247406005859375
1.615762710571289
1.5544891357421875
0.7770061492919922
1.1205673217773438
1.2416839599609375
1.386404037475586
1.2290477752685547
1.8982887268066406
1.5187263488769531
1.547098159790039
1.2142658233642578
1.1811256408691406
1.1763572692871094
1.13677978515625
0.7579326629638672
1.2900829315185547
1.91497802734375
0.8594989776611328
1.2652873992919922
1.2578964233398438
1.3384819030761719
1.7275810241699219
0.9524822235107422
1.2459754943847656
1.1920928955078125
1.222848892211914
1.7237663269042969
1.2984275817871094
0.8797645568847656
1.2145042419433594
1.5492439270019531
1.1570453643798828
1.123189926147461
1.514434814453125
1.2106895446777344
1.59454345703125
1.6756057739257812
0.8149147033691406
1.1985301971435547
1.712799072265625
1.5690326690673828
1.230001449584961
1.1098384857177734
1.146554946899414
1.3949871063232422
1.0728836059570312
1.2145042419433594
1.1854171752929688
1.165151596069336
1.3086795806884766
1.2891292572021484
1.7993450164794922
1.2183189392089844
0.7760524749755859
1.6467571258544922
0.804901123046875
1.177072525024414
1.1982917785644531
1.794576644897461
1.2407302856445312
1.2593269348144531
1.9881725311279297
300.63652992248535
1.6579627990722656
1.4507770538330078
0.9217262268066406
221.42505645751953
340.35682678222656
196.89083099365234
0.89263916015625
1.3937950134277344
2.2940635681152344
1.3337135314941406
300.75526237487793
303.5922050476074
310.9703063964844
1.239776611328125
1.2524127960205078
259.7081661224365
273.2987403869629
227.60367393493652
193.94326210021973
1.2195110321044922
163.03062438964844
163.12456130981445
1.5347003936767578
218.22190284729004
311.56373023986816
0.8389949798583984
1.1570453643798828
1.168966293334961
220.7314968109131
1.2164115905761719
1.096487045288086
1.2652873992919922
1.1985301971435547
197.21031188964844
1.2764930725097656
340.20304679870605
198.2719898223877
1.7833709716796875
163.24186325073242
292.09375381469727
