33.50353240966797
35.13050079345703
37.98937797546387
35.04490852355957
37.85371780395508
41.684627532958984
36.04912757873535
38.002967834472656
36.2858772277832
35.95423698425293
41.33486747741699
35.35771369934082
35.31193733215332
35.20345687866211
37.21117973327637
36.144256591796875
35.36486625671387
38.468360900878906
37.0936393737793
35.38060188293457
35.541534423828125
34.94977951049805
38.11931610107422
40.61555862426758
33.65302085876465
35.6898307800293
35.30263900756836
34.87539291381836
34.80982780456543
41.027069091796875
35.566091537475586
36.03029251098633
37.64700889587402
35.642147064208984
35.468101501464844
41.155338287353516
37.67967224121094
36.5903377532959
35.71653366088867
37.572383880615234
39.54505920410156
41.071414947509766
35.34674644470215
37.590980529785156
36.1630916595459
36.24081611633301
34.644126892089844
35.27951240539551
37.74118423461914
37.798166275024414
36.97395324707031
37.50300407409668
35.61544418334961
36.77821159362793
37.84632682800293
37.844181060791016
40.43769836425781
35.15982627868652
40.607452392578125
35.3236198425293
40.429115295410156
40.790557861328125
36.13710403442383
34.95430946350098
35.54272651672363
40.97700119018555
33.705949783325195
36.32831573486328
36.27777099609375
37.9030704498291
37.39118576049805
36.240339279174805
41.3813591003418
35.553693771362305
35.84861755371094
38.41376304626465
35.79378128051758
35.93564033508301
35.21442413330078
40.15851020812988
35.41731834411621
35.70866584777832
34.886837005615234
35.23588180541992
35.51530838012695
37.39762306213379
38.07806968688965
35.800933837890625
37.835121154785156
40.67659378051758
38.25521469116211
37.80221939086914
35.6442928314209
36.40294075012207
36.058902740478516
36.16523742675781
35.43853759765625
35.94398498535156
37.92595863342285
40.93599319458008
36.071062088012695
35.61711311340332
41.00346565246582
36.5757942199707
39.86716270446777
36.078453063964844
291.4085388183594
35.66288948059082
36.53740882873535
35.726070404052734
204.4973373413086
335.2169990539551
212.52894401550293
36.89694404602051
33.46967697143555
33.730268478393555
41.069746017456055
286.4375114440918
309.619665145874
303.39717864990234
33.913373947143555
37.893056869506836
189.7883415222168
206.76660537719727
217.69428253173828
221.94409370422363
35.24637222290039
148.78559112548828
148.88429641723633
36.63015365600586
222.56135940551758
306.3793182373047
36.54980659484863
37.848472595214844
36.544084548950195
206.35318756103516
40.85969924926758
35.021305084228516
40.7109260559082
40.96531867980957
211.8661403656006
35.58468818664551
320.74880599975586
190.3855800628662
35.3245735168457
157.75561332702637
294.3282127380371
