50 5 
91 
156 
148 
57 1 
175 
6 55 
156 
155 
0
50 
161 4 
153 
175 152 
63 12 
158 
152 
48 
53 
0
157 
156 
66 
67 
62 
156 3 
84 
83 
161 
185 
145 
158 
54 
156 3 
156 
51 
8 61 
63 
161 6 
1 91 
60 
53 
52 6 
2 155 
61 
2 156 
157 1 
54 
1 105 
103 
2 139 
1 45 
166 
53 
50 
100 
161 
145 
137 
0
63 
131 1 
103 
156 
63 
153 
161 7 
145 
6 53 
144 
90 2 
1 64 
137 
82 8 
100 
58 
1 139 
91 
159 
50 
103 
161 
57 
103 
85 
159 2 
148 
2 175 
88 3 
84 
51 
149 1 
131 1 
87 1 
47 2 
57 
52 
167 
45 
100 
156 
88 3 
2 57 
57 
89 
58 
95 2 
161 
153 
54 1 
3 166 
161 
63 
0
3 153 
3 82 
55 
161 
61 
62 
90 
85 
5 60 
67 
61 
53 
59 
2 53 
87 
157 
48 
147 
4 53 
90 1 
3 57 
158 
157 5 
150 
159 
1 158 
175 
185 
145 
137 
69 
153 
131 
156 
144 
90 1 
66 
1 156 
153 
175 2 
144 
52 
148 
90 
161 
161 
89 
66 
145 
1 73 
61 
97 
45 
100 
91 
60 
161 3 
159 
161 
0
4 145 
144 
55 
95 5 
2 56 
144 
147 1 
137 1 
55 
91 
157 
161 
50 
88 
95 
73 
153 
144 
161 
100 
51 1 
0
55 2 
3 150 
67 
2 137 
161 
52 
149 
85 
52 
175 
53 
51 2 
63 
152 
159 
2 82 
73 5 
67 
58 
161 
148 
60 
153 
61 
1 168 
139 
88 4 
139 
89 
52 
0
156 61 
3 45 
156 
168 
131 
73 4 
153 
97 
1 58 
87 
95 1 
91 
158 
161 
1 54 
95 
2 155 
139 
103 1 
156 
100 
4 153 
153 
1 161 
83 
161 
145 
3 153 
137 3 
1 175 
161 
63 
57 
159 
137 
57 
54 1 
3 145 
55 2 
59 2 
158 3 
149 3 
64 
161 
0
137 
1 55 
53 
1 137 
156 
61 
73 
175 
100 
58 4 
166 
161 3 
153 
159 
63 
149 
61 3 
3 91 
91 
5 51 
145 
73 
144 
152 
103 1 
50 
45 
67 
83 
161 
152 
3 157 
95 
0
103 
49 
95 
91 
85 
3 84 
158 
144 
58 
161 
84 
157 
154 
49 5 
82 
155 
148 
85 
0
47 
57 2 
57 
63 
2 48 
56 
1 153 
85 
131 
63 
155 8 
57 
149 1 
159 
145 
95 
69 
73 1 
153 
56 
153 
57 1 
88 
105 
1 137 
103 
149 3 
154 
48 3 
147 
144 1 
55 
152 
5 137 
3 60 
137 
137 
167 2 
83 
154 
57 1 
161 
8 58 
167 2 
153 
147 
166 
155 
45 
168 
61 
144 
4 152 
148 
49 
83 61 
61 
52 
48 
51 
0
161 
161 
185 1 
69 
87 
156 
55 
95 
1 58 
139 3 
57 
61 
161 
54 2 
161 
4 83 
51 
167 
149 6 
61 
9 168 
153 
49 
137 
91 
47 
91 
54 
89 4 
144 
144 
144 
55 
155 
148 3 
52 1 
166 
161 
82 
148 
83 2 
50 
90 6 
2 60 
148 
95 
159 
52 1 
153 
6 69 
161 54 
159 
145 
152 
2 159 
150 
47 
161 1 
63 
73 
156 61 
5 139 
82 
7 61 
157 
0
155 
156 
60 
168 
56 
156 
57 
0
161 
149 
95 3 
55 
161 1 
145 
0
105 
156 
1 53 
161 
97 
147 
3 45 
185 
155 
3 53 
1 52 
185 
153 
153 2 
0
131 3 
2 56 
152 
100 2 
61 
137 
57 
61 
52 
152 
67 2 
153 2 
144 67 
58 
158 
157 
3 52 
1 139 
168 
156 
154 1 
55 3 
2 153 
153 1 
64 
61 
66 
3 153 
1 60 
167 
144 
0
58 49 
0
4 139 
51 2 
159 
153 5 
157 1 
56 
49 
158 
67 
1 54 
161 
55 
100 1 
161 
147 
62 
156 
54 3 
103 
69 
91 5 
148 5 
175 
87 2 
161 1 
0
2 57 
153 
57 
57 
64 
3 168 
137 
156 
45 
103 3 
157 
3 54 
58 1 
147 
88 
144 1 
149 
149 
2 166 
0
48 
90 
175 
153 5 
3 55 
60 
53 
97 
153 2 
139 
150 
175 
57 
156 3 
67 
161 1 
103 
154 
153 
61 
144 
3 55 
158 3 
45 
2 150 
83 2 
59 51 
49 
161 
8 61 
53 
60 
155 
149 1 
161 
152 1 
67 
148 1 
54 
45 3 
148 2 
50 3 
148 
0
61 
159 
156 48 
57 
67 
60 
54 
155 1 
137 
1 166 
83 
0
54 1 
161 
167 
50 
4 155 
60 
175 
89 
145 
61 
131 
2 83 
58 
153 3 
60 
53 
103 
159 
161 
137 
153 
137 
168 
2 155 
0
168 
156 4 
161 
61 
161 
90 
63 
149 
3 153 
49 
83 
161 
52 5 
52 
185 
145 
0
52 
60 
185 
149 
154 
185 4 
51 105 
4 144 
0
48 
45 
153 54 
58 
55 
161 
139 
69 
1 152 
1 53 
69 
145 
161 
144 
83 
51 2 
0
5 166 
185 1 
87 
73 2 
58 
1 45 
58 61 
103 
7 61 
149 
49 
95 
137 
55 
54 
54 
89 
88 
3 51 
7 53 
59 3 
159 85 
55 1 
145 
52 
91 
161 
161 
47 
175 
159 
153 
1 51 
53 
0
1 161 
145 
63 
131 1 
83 2 
48 
58 
161 
3 58 
154 
59 
51 
54 
161 
69 
154 
167 
144 
103 
157 
69 
167 
63 
82 
153 
49 
158 
54 
0
153 
45 
55 
156 
63 
161 
50 
103 4 
155 
61 3 
58 
152 
63 
2 57 
159 
56 
2 153 
166 
185 
0
89 
52 3 
100 
64 
175 
100 
166 
49 
52 
3 152 
54 1 
152 2 
48 
145 
137 
167 
155 
57 4 
59 4 
153 
87 4 
0
152 
157 
137 
50 2 
105 
67 
159 
90 
57 
83 3 
95 5 
49 
54 
58 
1 84 
153 
153 1 
100 
131 137 
157 
55 
103 
53 
131 
139 
0
73 
61 
155 
149 1 
161 
55 
139 
161 
67 
91 
156 
67 
161 
63 1 
161 
161 
139 
57 
69 
147 
89 
152 
52 
83 
149 
175 
103 
145 
161 2 
54 
73 
105 
73 
149 
145 
161 
3 161 
153 
137 
153 
57 
45 
156 
52 
53 
155 
144 
0
69 
49 
137 
131 158 
156 1 
4 161 
156 2 
154 
137 
145 
100 
55 1 
0
5 53 
1 97 
100 
3 105 
158 
144 
60 
57 2 
152 
161 
45 
157 
0
161 
2 97 
166 
2 60 
2 152 
5 60 
4 51 
156 2 
82 
5 144 
45 
64 
60 
145 
161 
147 
154 
144 
175 
2 66 
59 
166 
91 1 
67 153 
161 
154 
168 
45 
50 
166 
175 
166 
95 67 
1 66 
3 60 
48 
85 
52 
149 
2 166 
159 
144 
149 
58 2 
55 
159 3 
156 2 
156 
175 
69 
5 144 
57 
51 
3 67 
144 
153 
147 
67 
149 4 
61 
90 
91 
161 
185 1 
175 
105 
144 
90 
144 2 
154 
61 
6 144 
83 
64 
1 53 
62 
3 55 
54 12 
154 
56 
161 2 
161 3 
158 
144 1 
88 
63 
88 
57 
4 153 
159 
156 
153 
91 
2 166 
103 1 
103 
67 
147 3 
69 
57 
45 
55 
149 
59 
63 
2 48 
156 
161 2 
88 
52 
161 
57 
137 
63 
95 
49 
0
157 
88 
49 
150 
145 
61 
152 
1 58 
154 1 
0
150 
137 
5 49 
0
1 53 
56 
144 
137 
150 
66 
153 
1 60 
154 6 
156 
159 
54 
0
50 
156 3 
147 
58 
53 
145 
161 
168 
73 161 
175 
48 
1 161 
175 
52 
69 
145 
154 
156 1 
159 2 
67 
159 
153 
156 
161 
58 
175 
153 
157 
89 
131 4 
105 
159 
1 161 
48 
6 45 
3 60 
185 
61 
61 
69 
61 
147 
50 
7 50 
153 
3 161 
153 
69 2 
47 
167 
50 
159 2 
156 
6 144 
50 
1 45 
1 161 
144 
57 3 
145 
69 3 
149 
153 
87 
59 1 
50 
2 137 
157 
47 
159 64 
145 
82 
57 
69 4 
153 
52 
8 155 
88 
1 153 
0
161 
83 
153 
161 
158 
150 
45 
87 
58 1 
156 3 
153 
51 
2 59 
2 45 
54 1 
148 
103 2 
137 
157 
4 166 
153 
155 
161 
61 
167 
61 
63 
5 69 
2 51 
57 
2 150 
58 
73 
1 67 
41 
154 
2 153 
53 
52 
69 
57 
67 3 
57 
137 
156 
156 2 
51 9 
63 
3 156 
58 150 
91 
4 62 
156 
167 4 
73 
41 
152 
69 
144 2 
154 
167 
168 
97 
2 58 
156 
1 144 
54 
145 2 
0
139 
155 
144 
158 
153 
159 
83 
45 
153 
159 
154 2 
3 175 
58 
161 
144 
153 
51 
2 175 
156 
58 
145 3 
53 
60 
105 
67 2 
168 
147 
2 168 
145 
161 
55 
144 
154 2 
185 
50 
49 2 
60 
103 1 
147 
58 4 
49 
103 
5 91 
83 
153 
44 
1 89 
73 
52 
167 
49 
100 
58 
149 
158 
161 
50 2 
154 
7 95 
63 
53 
105 
156 
91 
159 
51 
91 
100 
63 
161 
0
152 
53 
1 91 
153 
55 
161 
161 
161 
2 60 
0
63 
144 
156 
156 
153 
95 3 
150 
52 
156 
100 
156 2 
153 
4 82 
153 
55 
153 
58 3 
41 
175 
158 
147 
60 
137 
2 161 
73 
67 
60 
103 
45 
153 
175 
52 
153 
69 4 
3 150 
139 
2 63 
161 
157 
155 
168 
91 
61 
161 
156 
5 152 
1 51 
61 
0
1 53 
161 
63 4 
95 
62 
153 
156 
159 
0
3 105 
139 3 
51 
61 
2 58 
63 4 
55 3 
147 2 
0
156 
158 
153 
153 1 
103 
1 60 
58 
158 
88 
5 161 
63 
0
57 
167 
144 
97 
149 
153 9 
153 
52 1 
2 83 
45 
131 2 
51 
51 
50 1 
153 
83 
168 
154 
66 
1 166 
83 
153 
48 
89 
58 
157 
167 
149 
153 
45 
149 
0
85 
105 
158 
63 
52 
61 
3 166 
64 
103 
145 
139 3 
153 
145 2 
153 3 
161 
58 
161 
153 
51 
57 
1 137 
185 
139 
147 
52 
147 
53 
144 
60 
97 
161 
52 
55 
1 139 
3 137 
153 84 
157 
1 105 
61 
137 3 
73 
83 
2 156 
1 45 
161 
168 
45 
2 54 
156 3 
103 6 
149 
85 
50 
1 157 
161 
156 
60 
103 3 
175 
148 2 
159 
153 3 
155 5 
67 3 
54 
69 61 
103 1 
167 
1 152 
53 56 
41 
57 
161 
157 
145 
159 
156 137 
52 84 
57 
152 
159 
152 
3 61 
67 
45 
157 
50 
66 
166 
2 87 
58 
161 
51 
84 
88 
73 
1 53 
51 
2 159 
152 
1 54 
51 
166 
51 
49 82 
49 
56 
156 
2 53 
73 
144 
7 166 
63 
157 
156 
63 2 
0
49 
161 
53 
49 
159 
166 
156 
54 
5 45 
50 
5 137 
139 
156 2 
145 
59 
59 
145 
57 4 
144 
60 
2 145 
87 1 
1 166 
166 
61 1 
85 
100 53 
156 1 
185 
0
2 87 
63 
2 161 
153 2 
167 
1 55 
156 
148 
131 
153 
63 
153 
150 
1 137 
131 4 
55 
44 
1 175 
159 
58 
67 
149 
2 73 
60 
2 157 
105 
153 
54 1 
149 
61 
161 
2 145 
2 167 
52 
61 
148 3 
147 
3 55 
1 175 
58 
157 
53 
2 66 
153 
67 
53 
56 
73 64 
52 
88 
150 
3 145 
0
88 
175 
50 
4 157 
53 
139 
64 
67 
153 
167 
48 
161 
167 
1 60 
156 
144 
54 
57 3 
154 
147 
175 
168 
53 
63 
153 
156 
175 
1 97 
145 1 
147 
147 2 
149 
153 
47 
161 1 
88 
1 150 
103 
103 
63 
137 
87 2 
45 
154 
67 
8 53 
58 
58 
58 
1 49 
7 50 
54 1 
63 
45 
87 2 
66 
145 
158 
53 
88 
3 153 
0
166 
166 
161 
61 
61 
145 
49 
105 
50 
3 56 
7 153 
83 6 
153 
91 
153 
154 
1 158 
90 3 
95 
161 
57 
89 
91 
159 
49 3 
153 
161 
51 9 
69 
131 
95 
161 
52 
155 
2 53 
48 
153 
2 91 
131 
150 
51 
145 
156 
1 51 
156 
148 2 
53 
145 
2 145 
57 2 
97 
61 
175 
2 137 
1 168 
145 
150 
69 
0
152 
156 1 
50 
150 
58 
156 
45 
157 
159 
167 
63 
67 
51 
50 
2 159 
59 
57 
2 137 
156 2 
150 
149 1 
0
91 
4 161 
139 
175 
85 
5 84 
137 
1 62 
83 63 
54 
47 
153 
59 
145 
57 
58 
66 
49 
87 
131 
53 
57 
2 153 
58 139 
139 
60 
58 
156 
69 
100 
53 
185 
83 1 
145 
67 
161 
89 
0
85 
73 
2 85 
166 
61 
54 
63 1 
185 
147 
45 
82 
2 153 
60 
3 41 
175 4 
0
156 2 
49 
145 
50 
153 
153 2 
175 
167 
185 3 
150 
153 
0
3 50 
161 1 
95 
50 
54 
155 
0
156 
149 
154 
52 
157 1 
105 
53 
145 1 
50 
3 157 
161 
54 175 
156 
50 
50 
50 
147 3 
2 105 
4 153 
154 
57 
54 63 
51 
152 
2 168 
67 
69 
3 89 
55 
144 61 
49 
44 
59 3 
49 
154 
158 
155 
156 
58 2 
0
131 1 
159 
89 3 
149 
0
88 
150 
147 
153 
155 
159 
131 
61 3 
147 
154 1 
90 
3 137 
161 
48 3 
82 2 
48 
2 157 
82 
91 
144 3 
155 
53 
73 
49 
55 
139 
48 2 
166 3 
9 105 
53 
51 
1 84 
131 1 
49 
152 
95 
5 49 
62 
167 
4 57 
161 2 
3 61 
153 
137 
154 4 
49 
57 
166 
156 
49 
159 
89 
103 
61 
145 
55 
152 
175 
159 
150 
2 51 
185 
156 
185 
69 
144 
1 153 
69 
7 59 
144 
185 
1 137 
62 
152 
1 55 
0
91 
63 
95 
1 50 
4 161 
153 
73 3 
95 
159 
153 
185 1 
73 
69 
161 3 
73 
149 1 
59 3 
145 
7 97 
58 
158 
100 
55 
159 1 
137 
139 
156 1 
156 2 
87 2 
90 5 
153 
139 
139 
69 
97 
145 
73 
52 
95 
51 
144 1 
155 
1 84 
105 
185 
61 
57 
67 
88 
161 4 
0
55 
59 
55 3 
63 
139 
53 1 
54 
1 53 
103 91 
105 
60 
1 52 
167 
159 7 
60 
154 
5 155 
105 
100 
60 
67 
161 9 
185 4 
53 12 
161 
60 
144 
161 
45 
158 1 
89 
91 
5 159 
149 1 
3 153 
2 153 
61 
53 2 
103 
55 
59 
100 2 
2 153 
6 60 
52 
161 
51 
153 
185 
161 
95 
83 
48 
137 3 
69 
139 
55 
58 
73 
144 
156 2 
54 
69 1 
147 3 
156 
90 
50 
144 
3 55 
54 
1 97 
139 
64 
185 
159 
55 
0
91 
166 
156 
54 
62 
157 
57 
95 
0
137 
53 
159 2 
73 2 
0
3 152 
73 
175 2 
153 
149 
48 
53 
1 105 
1 91 
0
153 
156 2 
91 3 
0
144 
156 
59 1 
85 
45 
158 
167 
131 
59 
88 1 
147 
3 55 
157 
56 
73 
155 
53 
87 
58 3 
4 57 
57 
83 
103 
67 
159 
83 4 
1 45 
2 175 
3 54 
61 
83 
1 51 
161 
55 
61 
166 
152 
5 91 
62 
161 
67 
103 1 
175 
2 152 
161 
87 
103 
161 
5 66 
103 7 
58 
54 
82 
5 150 
91 
61 
2 155 
51 2 
69 
58 4 
64 
53 
90 3 
54 
54 
161 
57 
90 4 
156 4 
156 
153 
67 
54 4 
45 
49 
0
83 2 
158 
52 
100 
2 45 
166 
167 7 
61 2 
166 2 
73 
148 
152 
83 
84 
73 
137 
73 
97 
4 50 
159 
84 
0
61 
52 
153 2 
144 
139 
168 
48 
152 
152 
2 51 
161 
159 1 
2 55 
149 
91 
161 
64 
58 
3 61 
139 
148 
2 57 
158 
161 
95 1 
159 
54 
100 
61 
49 2 
58 
154 
148 
131 3 
51 2 
3 54 
64 
83 
58 
1 61 
57 
90 
147 
166 
153 
4 159 
69 
63 91 
161 4 
145 1 
0
45 
144 
95 
168 
185 54 
161 
156 
3 53 
3 91 
156 
156 3 
60 
89 
0
144 
61 
155 
67 
4 153 
1 137 
52 
166 
161 1 
156 
1 161 
152 
63 
4 60 
50 
156 
103 
7 89 
61 150 
54 
100 
66 
88 
157 
97 
149 
156 3 
2 153 
49 3 
84 
153 1 
63 
1 156 
156 
150 
103 
145 
148 
168 
3 49 
6 166 
52 
168 
154 49 
148 
55 
153 
0
2 52 
185 
3 61 
148 
87 
83 2 
66 
53 
185 8 
1 51 
60 
103 2 
3 175 
147 45 
175 
45 
166 
161 
50 
47 
91 
90 
159 4 
153 
57 
175 
57 
45 1 
73 2 
2 149 
50 
57 
3 50 
168 
53 
7 84 
54 
57 
48 
60 
137 
137 
91 
145 
91 
95 3 
6 185 
73 
149 8 
1 161 
137 
156 
51 
153 2 
153 
103 
161 
90 
0
59 
54 
63 
1 61 
2 73 
61 
144 
145 
57 2 
67 
159 3 
149 2 
53 
51 
152 
148 
161 
153 1 
156 1 
153 
158 1 
67 3 
156 
5 50 
2 44 
4 41 
61 
158 
53 153 
63 
0
139 
1 91 
153 69 
4 166 
55 
67 
144 1 
2 58 
52 2 
67 
63 
67 
54 
157 3 
2 91 
0
4 153 
144 
156 
1 54 
148 
153 2 
54 4 
155 
53 168 
0
2 152 
54 
0
45 
150 
153 
131 
57 
57 
153 
137 
159 
61 
144 
103 3 
58 
103 
57 
90 
153 
0
155 
158 2 
50 
51 61 
158 1 
159 2 
168 
1 103 
91 
73 2 
58 
97 
175 
73 3 
54 
61 
131 85 
103 67 
153 
0
144 
3 167 
82 
64 
154 
52 
3 51 
156 
69 
103 
156 4 
4 84 
185 2 
73 
161 
103 
144 3 
103 
58 
3 57 
0
55 
2 58 
153 
52 
185 2 
168 
50 
156 4 
100 
5 152 
85 
57 
153 3 
0
168 
61 1 
58 
3 137 
156 
90 
4 159 
83 1 
90 
145 
168 
148 2 
52 
49 
61 
159 
137 
2 159 
185 
153 
3 145 
0
161 
83 
2 159 
53 
2 150 
60 
157 
53 
185 
83 
51 
153 
3 105 
175 
3 91 
150 
156 1 
137 
2 66 
56 
1 54 
61 
144 
53 
137 
67 
168 
4 57 
144 
103 
156 
153 
0
2 144 
48 
161 
1 137 
161 
67 
63 2 
66 
139 
157 
137 5 
137 2 
54 
67 
153 
100 
161 3 
54 
131 1 
154 
137 
153 
167 
49 
54 
73 
84 
167 
45 
2 175 
161 
161 
168 
103 
167 
157 
61 
144 
4 55 
83 
157 
64 
168 
57 55 
84 
53 
44 
166 
49 
57 2 
103 2 
57 1 
185 
149 2 
103 
60 
145 
55 2 
159 
137 
58 
82 1 
58 
144 
2 51 
155 1 
145 
51 156 
41 1 
53 
153 
161 
148 
150 
155 
145 
51 4 
52 
156 3 
158 
52 1 
137 
58 
1 61 
103 4 
161 
1 97 
131 
85 
103 
45 3 
52 
2 55 
48 
97 
2 153 
58 
100 
175 
83 
2 53 
103 2 
2 54 
91 
156 
131 2 
54 
49 
88 
161 
48 
51 
145 
1 185 
156 
59 
100 
103 
0
0
88 
45 
89 
82 145 
0
167 
89 
153 4 
0
156 
157 2 
4 84 
60 
166 
168 
156 
62 
2 168 
144 2 
48 
45 
89 
61 
63 
159 
61 
156 
144 
61 
153 3 
45 
57 
153 3 
153 1 
1 57 
53 
4 156 
137 
166 
5 153 
1 64 
2 62 
88 
103 
145 
69 
53 
147 
51 
66 
2 56 
4 167 
63 
159 
156 
154 
52 
61 
144 
97 
59 
61 1 
153 
158 3 
0
3 63 
156 2 
103 
54 
158 
137 
61 
57 
161 
153 
56 
156 1 
55 
147 2 
55 
2 45 
166 
49 
97 
51 
154 4 
103 5 
85 
91 
152 
1 50 
52 
148 
153 48 
63 
144 
150 
60 2 
67 
83 53 
144 54 
131 
153 2 
149 
5 159 
52 
60 
58 
85 
52 
161 
145 
0
63 
154 3 
185 
2 62 
139 
156 
105 
157 
67 
90 
1 62 
137 
159 
159 
144 3 
145 
53 
61 
103 
159 155 
55 
2 153 
161 52 
100 2 
1 152 
185 4 
185 1 
1 139 
158 
153 
157 
157 
185 
156 
166 
58 
82 3 
131 
89 
137 
161 5 
147 4 
155 
185 
131 3 
49 
3 139 
48 
161 
148 3 
55 
3 51 
157 
83 
2 145 
161 3 
153 157 
58 
159 
154 
137 
2 52 
63 
167 
69 
55 
166 
153 2 
156 
2 139 
153 6 
90 
53 
57 
0
67 
56 
61 
83 
0
153 
0
49 
156 2 
152 
91 3 
152 
0
58 
159 
85 
153 
153 
154 
53 1 
53 
161 
161 
159 
153 
51 
59 
63 
8 63 
3 53 
153 
0
97 
53 
153 3 
54 
60 
145 
3 166 
139 4 
53 
82 
67 
47 
60 
91 
58 2 
3 168 
153 2 
58 8 
153 
51 
167 
2 168 
44 
100 
61 1 
1 145 
73 
153 
137 
63 4 
0
53 
1 53 
168 
1 53 
161 
105 
149 3 
158 4 
50 
149 3 
154 
89 
52 
54 
58 
66 
157 
155 
3 61 
53 
153 
84 
91 
148 
2 57 
50 
95 2 
185 
161 
60 
55 
89 45 
159 
61 
147 
95 2 
64 
167 
103 
103 
153 
167 1 
45 45 
54 
167 
61 
137 
95 1 
137 
1 45 
167 
156 3 
161 
3 61 
2 150 
156 
147 
61 
51 
150 
153 
0
4 61 
154 
145 2 
84 
52 
54 
153 
153 
53 67 
2 166 
2 137 
161 
2 161 
1 137 
50 
53 
155 
82 5 
153 
51 
91 
157 
147 2 
53 
51 
144 
2 145 
131 
64 1 
150 
48 
48 
89 
89 
161 1 
150 
156 
2 161 
0
53 
149 1 
54 2 
88 
58 
62 
156 1 
63 
155 
103 
85 
153 
58 
2 60 
0
2 67 
4 64 
157 
103 
0
158 
156 
87 
139 
67 
0
1 57 
54 
155 
100 
51 
3 152 
153 
153 4 
50 
58 3 
2 156 
1 156 
51 
131 4 
153 
58 
3 159 
158 
155 
168 
54 
156 2 
2 155 
154 
158 
2 91 
58 
131 
57 
156 
58 
153 4 
153 
150 
2 156 
48 
175 
53 
87 4 
88 1 
137 
154 1 
60 
73 
64 
166 
0
49 
83 
154 
1 45 
83 4 
50 
53 
45 
103 3 
64 
69 1 
175 
2 61 
0
148 
45 
48 
51 
144 
59 
58 1 
2 161 
149 
152 
154 
144 66 
156 2 
105 
153 
97 
89 
1 41 
147 
0
3 175 
137 3 
48 
1 145 
56 
156 
2 168 
161 
3 139 
51 
67 
1 137 
131 7 
153 2 
88 
61 2 
60 
185 
58 
2 145 
100 
84 
161 
0
84 
58 
61 
2 166 
48 
49 4 
167 6 
0
91 
52 
131 
0
144 
55 
153 
144 1 
49 1 
161 
82 
54 
149 
45 
53 
52 
137 
137 
82 
51 
54 
58 5 
137 
9 67 
166 4 
155 3 
144 
145 4 
69 1 
67 
44 
2 62 
48 2 
159 
161 2 
64 
64 
85 4 
105 
153 
59 
153 3 
139 
58 
56 
105 
82 
153 
161 
58 
2 97 
145 
148 
53 2 
1 168 
153 
82 
153 
168 
83 
64 
50 
50 
156 
103 
88 
145 
155 
58 3 
105 
148 
159 
53 
156 
100 2 
161 
3 153 
91 
156 7 
153 
144 2 
2 58 
159 
139 
161 4 
161 
144 
153 
161 3 
153 
145 
153 
156 
161 
61 
54 
69 
103 
161 1 
161 
2 53 
149 2 
148 
59 
51 
57 
1 95 
58 
1 168 
161 
54 
168 
154 2 
154 1 
103 
159 2 
145 
0
153 
2 62 
61 
103 2 
156 3 
153 3 
58 
149 
185 
167 2 
49 
149 
185 2 
156 7 
62 
53 
158 
4 61 
137 
3 161 
131 
156 
145 
153 2 
49 1 
158 
3 53 
153 
3 137 
156 
55 
137 2 
161 
175 3 
49 2 
51 
58 
45 
57 73 
2 53 
148 
137 
175 2 
59 
97 
168 
131 2 
105 
139 
156 
52 2 
49 
157 
59 
159 
3 84 
185 
103 
159 2 
54 
53 
167 
61 
153 6 
1 49 
153 
57 
100 
55 2 
0
144 
54 4 
3 185 
131 
156 
166 
161 
158 
175 
95 7 
2 61 
161 
145 
52 
54 
103 
58 
82 150 
50 3 
159 3 
88 3 
1 153 
2 159 
149 
137 
155 
1 50 
5 166 
144 
175 
131 
144 2 
159 
50 4 
159 2 
95 3 
58 1 
161 
175 
57 3 
49 
153 2 
45 
161 
83 1 
2 49 
168 
185 1 
49 
51 
61 
166 
144 150 
147 
95 
91 
51 
153 
150 
100 
52 
156 
2 175 
161 
175 
168 
60 
0
66 
57 1 
150 
159 
0
159 
161 
5 59 
147 
7 97 
2 57 
56 
150 
63 
1 105 
2 166 
1 89 
137 
159 
185 
57 
90 
54 
58 
144 
2 61 
2 51 
161 2 
89 
137 
153 
153 
145 
131 2 
0
150 
150 
156 
161 
57 
161 
88 
85 2 
59 
185 2 
52 
0
175 
53 
57 55 
159 
154 
159 2 
66 
159 
0
91 1 
155 1 
156 1 
147 1 
158 
6 89 
166 4 
58 
3 61 
45 
83 
1 53 
139 
161 1 
131 
155 
0
156 
153 
57 
153 
150 
144 2 
137 
57 
161 
156 4 
5 54 
0
57 1 
3 61 
153 1 
153 
157 
87 
67 
158 
1 159 
58 
48 
155 
67 
3 69 
60 3 
153 
139 54 
185 
139 
161 1 
50 
91 
53 
84 
51 
153 2 
50 
53 
153 
1 60 
50 
47 5 
158 
57 
2 50 
52 
1 54 
55 
148 
55 
144 
156 
64 
149 
4 51 
2 161 
60 
131 
148 
59 
154 
66 
161 2 
144 
57 2 
1 166 
1 148 
144 
3 55 
82 
2 84 
57 1 
58 
161 
145 
161 
159 
55 2 
54 
63 
47 
84 
185 
137 
55 
168 
2 82 
155 
55 
88 
53 
3 175 
45 
148 
2 41 
159 2 
45 
61 
161 
5 61 
44 
60 
53 
149 
51 
168 
157 
52 
61 
147 
147 1 
145 
185 1 
100 
152 
161 
2 89 
1 60 
153 1 
157 1 
161 
87 
153 
166 
1 69 
185 
60 
0
161 
156 2 
54 
157 
1 185 
144 
3 103 
168 
137 
144 
149 
49 
53 
156 
50 
149 12 
1 62 
51 
61 
53 1 
0
2 168 
156 
159 
147 5 
145 
103 
55 
48 
91 
175 2 
97 
159 
167 6 
57 
185 
155 
144 1 
2 61 
156 
153 
51 1 
83 
55 
158 
153 
2 57 
161 
95 
137 
63 
156 
2 161 
63 
51 
61 
1 45 
7 153 
83 2 
58 
161 
185 
87 
137 
67 
63 
156 
2 156 
51 
149 
95 
0
48 
5 105 
62 
90 
2 60 
1 69 
52 
100 2 
185 
95 
0
64 
59 
154 
150 
156 
66 
103 
100 2 
82 
63 
161 2 
167 
156 
0
152 
144 
144 
61 
2 145 
83 
67 
97 
55 
161 
105 
97 
61 
145 
51 
185 
148 
1 185 
6 60 
60 
161 
147 
83 
57 
67 
157 
159 1 
1 153 
145 
0
83 
159 3 
161 
152 
161 
156 
150 
49 
59 
95 
54 
161 
156 
161 
156 
53 
88 
153 
54 
156 
161 
161 
53 
58 69 
103 
57 
148 1 
139 
185 
59 
148 
168 
137 
1 166 
0
83 
84 
95 
2 167 
131 
4 153 
2 48 
57 
159 
157 
139 
148 
89 
167 
91 
58 
139 
55 
54 
61 
58 
61 1 
61 4 
153 
156 
1 61 
4 159 
168 
161 
161 
156 3 
144 
90 41 
49 2 
175 3 
105 
48 
83 
158 2 
58 2 
153 
5 55 
155 
175 
51 2 
67 
156 
51 
49 
3 52 
44 
153 
159 4 
153 
52 
3 153 
175 2 
67 2 
58 
83 
167 
154 1 
95 
154 
2 55 
0
69 
161 
44 
1 168 
168 
84 
53 4 
51 
59 
90 
45 
95 
153 
161 2 
145 
147 
145 
83 3 
137 
175 
53 
103 153 
1 51 
57 
167 
150 
7 48 
88 
156 
168 
168 
82 
161 
55 
91 
137 
58 
4 53 
90 
73 
152 
139 
73 
154 4 
152 
6 153 
149 2 
103 
53 
0
49 
161 
56 
3 61 
161 
2 137 
144 
161 3 
54 2 
60 
0
61 
2 51 
95 
152 
1 60 
139 
153 4 
1 145 
155 
153 
3 50 
58 
145 
49 2 
153 
153 
7 153 
185 8 
2 51 
168 
3 82 
159 
61 
167 
131 9 
153 1 
58 
1 167 
88 
1 153 
159 2 
159 1 
157 
161 2 
58 
50 
53 
1 168 
155 
73 
53 152 
148 
175 
103 
156 
52 
90 2 
61 
55 
61 7 
82 
166 
1 153 
139 
131 
57 
153 1 
57 
57 
0
2 54 
66 
153 
131 
53 
161 2 
147 
156 
3 153 
60 
73 
54 1 
57 
158 
168 
100 1 
149 
156 
69 
61 
55 
85 
147 4 
85 
0
83 
53 
0
156 
58 
91 1 
50 4 
6 105 
50 
0
103 167 
156 8 
145 
145 1 
63 
167 
97 
156 
3 54 
3 61 
4 153 
161 
161 
103 
148 
57 
57 
148 
48 
2 58 
2 64 
144 
6 41 
137 
153 2 
154 2 
49 
85 
0
84 
87 
51 
2 153 
9 166 
50 
161 2 
152 
67 
153 1 
153 
175 
58 
49 
85 
52 
83 
145 
150 
67 
0
185 
145 
139 
83 
144 
153 
61 1 
159 2 
139 
161 
91 
58 1 
137 
57 
58 
185 
83 
166 
2 55 
61 
90 
159 
148 
139 1 
167 
1 139 
156 
63 
153 
103 
145 
161 1 
2 153 
5 153 
161 
57 
55 
148 
154 
55 
57 
154 
88 1 
131 2 
185 
105 
67 
5 59 
100 4 
85 
159 
52 
153 
144 
153 
168 
45 
58 
55 
153 
185 
152 
48 
154 
83 
53 
167 
175 
154 
131 150 
159 3 
5 61 
50 2 
59 
57 7 
137 3 
0
57 
161 
0
57 
159 
150 
103 
47 
58 
161 
145 1 
4 156 
2 63 
156 
152 
2 91 
0
61 
156 5 
52 4 
168 
51 
156 2 
161 
54 3 
0
61 4 
50 4 
153 
152 
49 
175 
55 139 
1 67 
55 
7 152 
144 3 
159 
152 
85 
139 
4 51 
156 
61 
63 
1 83 
3 153 
91 
0
54 2 
149 
61 
95 
41 
0
4 137 
155 
154 
156 
161 
54 
157 
145 
83 6 
63 
161 
2 137 
139 
53 
54 2 
166 
1 67 
175 
85 55 
48 
97 
50 
3 48 
85 
153 
155 1 
48 
54 
161 
90 
152 
58 
2 53 
150 
147 
161 
61 
154 
2 175 
1 58 
58 
54 1 
154 
3 45 
63 3 
2 153 
153 
137 
58 
0
97 
91 
0
158 
1 61 
87 
83 
148 4 
54 
147 
148 
166 
1 149 
137 4 
5 63 
161 2 
73 51 
59 
175 
149 
153 
0
166 
95 
159 
168 
147 
147 
63 
156 3 
50 
58 
167 
58 
61 
185 
168 
153 
49 
2 44 
154 
161 
69 1 
51 
145 
54 
6 53 
55 
97 
145 
3 137 
90 
137 
149 
161 
156 2 
8 150 
103 
63 
1 175 
53 
161 
95 
167 
0
185 
87 3 
1 55 
153 2 
0
144 
1 73 
167 
6 51 
144 
103 
90 2 
0
48 5 
48 1 
159 
144 
149 3 
103 2 
175 
139 
51 
153 2 
50 
150 
153 5 
147 3 
147 3 
50 
48 
53 
147 67 
144 
159 
55 2 
83 2 
144 
156 
175 
58 
57 
57 
185 2 
0
60 
103 
58 
2 166 
150 
103 
144 
155 
4 150 
95 
156 
60 
145 
0
161 8 
103 
156 2 
82 50 
45 
144 
59 
60 
53 
95 1 
54 
49 
153 2 
2 161 
175 
62 
161 2 
90 
54 
137 
4 156 
152 
58 2 
159 
152 
87 
73 
1 158 
156 
185 
166 3 
131 2 
139 
55 
73 
156 
153 
60 
137 
167 
157 
144 
49 
63 
1 61 
51 
91 
49 
175 
167 
161 
69 
55 
0
53 
0
59 
1 137 
0
61 
61 
54 
69 
7 153 
2 50 
137 
57 
159 
103 
153 4 
144 
159 
45 3 
149 
51 
95 
159 
49 2 
0
73 
50 5 
175 
161 
0
166 
57 2 
153 
3 137 
57 
4 137 
155 
159 
85 
166 
137 
62 
148 3 
45 
103 3 
61 
161 
83 
50 
153 
57 
154 3 
1 145 
45 
153 
153 
156 3 
60 8 
50 
185 
91 
131 5 
159 
50 1 
166 
60 
148 
55 
66 
91 
48 
167 
51 
157 
61 
103 
103 55 
91 
155 1 
149 
144 3 
59 
161 
145 
147 1 
55 4 
53 3 
58 
0
90 168 
49 
1 166 
105 
161 
185 
166 
56 
145 
53 1 
153 
152 
51 
0
62 
156 156 
3 52 
4 153 
52 
2 66 
145 
3 82 
153 
100 
9 144 
159 
153 3 
59 
145 
137 
2 45 
50 
159 
139 2 
158 
161 
0
152 
155 
52 2 
63 
155 
61 
45 
3 145 
41 
62 
161 5 
2 91 
47 3 
58 
67 
149 2 
87 
49 
67 
156 2 
161 
0
161 
158 
49 2 
82 
153 
159 
185 
159 
159 
0
52 
61 
185 
185 
57 
73 
58 
50 
0
166 
63 
175 
150 
53 
88 
5 153 
144 2 
156 4 
168 
55 
91 
89 
87 
159 3 
150 
167 
55 2 
156 
161 
145 
58 
145 
53 2 
153 
148 
0
131 
161 53 
53 
2 61 
166 
154 
103 1 
53 3 
161 
158 7 
159 
49 
100 
155 
153 3 
50 
64 
153 
89 
144 5 
53 
69 
67 2 
84 
2 175 
4 153 
153 
100 
1 89 
158 
53 
148 
155 
58 2 
85 
5 91 
62 
49 
58 
85 
63 2 
69 3 
60 
147 4 
53 
166 
50 2 
2 60 
159 4 
67 89 
49 
156 
57 
91 
4 53 
3 69 
153 
0
158 
69 
50 3 
153 
63 
153 
145 
1 159 
158 
137 
73 2 
88 
50 
148 
53 
1 41 
156 
73 
83 
159 
1 145 
149 
45 
103 
131 
152 
157 
153 
166 
103 
147 
145 
0
185 
51 
139 
155 
2 105 
91 
153 
1 50 
131 
175 
103 
144 
161 1 
159 
55 2 
63 
100 1 
67 
2 156 
153 
55 
56 
148 
155 
45 
148 
57 
51 
167 3 
57 
185 
139 
63 
159 
153 
161 
148 
47 1 
52 4 
84 
57 1 
58 8 
147 1 
144 
156 
61 1 
155 4 
161 
156 
161 
82 
0
2 152 
59 
63 
49 1 
152 
161 
58 
58 44 
153 
63 
54 
153 
44 
103 
4 150 
3 175 
156 1 
144 
58 2 
161 
167 
1 66 
60 
144 
51 
61 
51 
156 
59 
147 
53 
159 
105 
153 2 
4 166 
105 
5 166 
54 2 
67 
4 145 
148 
167 
158 
2 61 
149 
64 
153 
5 85 
53 
175 
161 
153 2 
91 
63 
55 
131 
52 
73 
91 
156 
2 63 
137 
49 4 
144 
185 
147 3 
161 
158 
87 3 
63 
57 
154 
185 
2 161 
1 97 
97 
137 8 
55 
153 
139 
144 
5 159 
4 48 
88 
158 
90 
185 2 
45 
158 3 
145 
161 
185 
144 
103 
90 1 
57 145 
45 53 
156 
62 5 
137 2 
159 69 
3 155 
185 
131 
55 
168 
51 
60 
3 155 
57 
157 
167 
49 
57 
85 
2 152 
2 45 
3 54 
2 144 
1 97 
166 
185 2 
137 
131 1 
55 1 
51 
45 
53 3 
55 
156 
0
100 
144 
2 41 
0
64 
90 
73 
161 
3 185 
3 175 
144 
49 
67 
55 
161 2 
55 
58 
51 
166 
159 
3 60 
85 
48 
103 
63 
88 
66 
156 159 
131 
56 
167 
45 
89 
100 
91 
156 
103 2 
156 
156 
61 
83 
5 89 
167 
45 
149 7 
88 
73 
155 
1 62 
52 
87 
157 
61 
154 
161 
131 156 
159 
157 
54 4 
83 
153 
154 
56 2 
149 
48 
168 
159 2 
131 
6 64 
1 145 
156 1 
137 
59 
155 
137 
55 
54 1 
155 
3 166 
1 58 
58 
153 49 
97 
4 175 
2 53 
83 
69 
153 
161 1 
157 
85 
88 2 
145 2 
153 
156 1 
61 
73 
154 
52 
161 
185 
175 
149 
88 
161 
159 
161 
153 1 
152 
1 175 
159 
2 73 
150 
55 
155 1 
49 
55 
103 2 
0
131 
1 55 
131 
52 
103 
73 5 
156 
152 
2 166 
144 1 
48 
144 
103 4 
2 54 
62 
158 
63 
156 
105 
103 
73 
0
4 89 
159 
154 
73 
0
2 158 
148 
1 166 
5 144 
54 
7 155 
0
148 1 
105 
166 
54 
60 
73 
145 
0
168 
150 
50 
3 61 
152 
62 
156 1 
148 
145 
167 
57 4 
153 
60 
61 
156 1 
161 
168 
58 
156 
56 
156 
175 
3 150 
2 54 
153 
161 
61 
53 
156 7 
137 
159 1 
91 
58 2 
4 85 
153 
82 3 
161 1 
156 
83 1 
61 
55 1 
87 
61 
83 4 
156 
2 139 
156 
159 
153 
45 
152 
58 
159 
54 
89 
60 
161 
87 
3 155 
145 
175 
4 63 
149 
1 57 
153 
58 
161 
83 
87 
54 
1 69 
148 
50 
159 
2 84 
89 
57 
161 
58 
63 
58 
3 51 
57 
2 54 
166 
0
155 
58 2 
50 
52 
166 
47 
45 3 
153 45 
161 4 
88 
82 
53 
175 
53 
61 
0
185 
156 
150 
175 
3 158 
1 97 
60 
161 
157 7 
41 
145 
168 
156 1 
91 
58 
2 60 
153 
1 62 
83 3 
0
54 
131 2 
145 
63 
156 
158 9 
50 1 
54 166 
1 149 
148 4 
3 84 
161 
60 
2 84 
161 
3 52 
53 
156 
131 3 
156 
100 1 
147 3 
60 
53 
139 
103 
159 2 
154 
154 1 
67 1 
50 3 
153 168 
161 3 
166 
0
5 168 
158 
131 
3 185 
103 
2 153 
60 
158 
64 
103 
103 1 
103 
58 
167 
1 157 
153 41 
2 144 
2 159 
55 2 
158 166 
3 66 
59 
158 
185 54 
58 
153 3 
131 2 
131 
158 2 
144 
1 153 
5 44 
155 
54 
156 
54 
156 
103 
155 2 
3 168 
161 
69 2 
48 
58 
63 
147 
1 166 
53 
3 158 
161 
90 8 
89 
53 
145 
175 
161 
156 
4 53 
59 
55 
91 
156 
84 
157 1 
156 
161 1 
84 
131 
90 
103 3 
44 
1 156 
3 59 
84 
57 
157 
131 7 
41 
87 
159 
55 
73 5 
88 
148 2 
168 
161 
91 
50 
131 
2 153 
153 
1 59 
53 
52 2 
145 
2 91 
67 
54 3 
55 3 
63 
156 
1 150 
3 166 
4 57 
3 62 
53 
0
154 4 
158 
161 5 
0
0
63 
149 
59 
161 1 
60 
149 
153 
51 
54 
161 
145 
4 167 
57 
54 
150 
61 
152 
91 
51 
69 
69 
147 5 
161 
153 1 
66 
64 
1 152 
2 161 
2 161 
0
45 
54 3 
2 48 
1 45 
148 
83 
6 185 
3 56 
159 
161 
159 
145 
83 
48 
61 
88 
150 
166 
58 
57 
3 153 
161 
2 152 
57 1 
67 1 
3 144 
168 
153 
90 
3 44 
145 
61 4 
161 
4 105 
8 58 
57 
153 4 
159 1 
3 159 
1 58 
0
145 
161 
168 
49 
149 
161 
161 
153 
153 
145 
150 
5 168 
156 
63 
150 
168 
147 2 
153 2 
83 
2 156 
3 58 
153 
137 
69 
57 
2 55 
156 
1 48 
152 
60 
150 
91 4 
3 150 
153 
67 
55 
83 1 
166 
58 
6 69 
48 
154 9 
95 
158 
52 
158 
53 
88 
161 
156 
55 
103 1 
91 
161 
3 137 
90 
58 
53 1 
59 
139 
131 
148 1 
1 61 
3 152 
73 
67 
105 
87 
103 1 
57 
100 50 
145 2 
152 5 
95 4 
2 185 
61 
44 
147 
100 3 
139 
145 
83 
144 
45 
69 
87 
175 
91 
63 
161 2 
67 
175 
4 61 
49 2 
89 
63 
131 
153 8 
66 
153 
64 
152 
62 
153 
155 
105 
1 137 
185 
1 53 
161 153 
0
59 
145 55 
144 
67 
52 
159 
154 
52 2 
161 
168 
153 
67 
157 
158 2 
157 
153 5 
161 
137 
155 2 
61 
145 
1 97 
57 
185 5 
153 
167 
2 85 
167 
63 
145 
50 166 
55 
54 
148 
51 7 
161 
185 
58 
105 
63 
58 
149 
60 145 
157 3 
161 6 
63 
161 
55 
53 
61 
50 
50 
50 
155 
166 
2 59 
157 
59 
153 
4 159 
144 
67 
41 
48 
49 
58 
91 
1 54 
161 
84 
161 
145 
9 149 
154 
157 
157 
175 
60 
53 
137 53 
83 
148 
156 
156 
139 
144 2 
57 
103 
2 175 
2 89 
53 
156 
168 
50 
161 
57 
50 2 
166 
5 97 
57 
54 
4 139 
100 
89 
3 55 
147 4 
0
53 
3 139 
153 
175 
60 
44 
85 
137 
139 
161 48 
145 
1 175 
61 1 
158 
185 3 
52 
58 
0
64 1 
1 137 
156 90 
90 
97 
131 
2 41 
185 
161 
58 
48 
53 
137 
131 
3 60 
153 1 
3 168 
137 
2 161 
153 
69 
150 
145 
69 
1 150 
55 4 
97 
154 
63 
156 
1 161 
88 1 
145 
0
145 
153 
153 
149 1 
161 
44 
161 
47 
156 
166 
156 
161 
144 
156 
1 150 
52 
144 1 
54 2 
85 
156 
149 
53 
175 
2 150 
49 48 
166 
156 
156 
157 
9 91 
87 
45 44 
2 61 
167 
167 
139 1 
150 
161 
51 
167 
57 
131 
144 
175 
91 
2 150 
153 91 
131 
50 48 
167 2 
59 
3 95 
156 
58 
148 7 
67 
63 
161 
48 
149 3 
168 
7 55 
1 62 
57 
137 
156 1 
95 1 
55 
91 
95 
3 62 
166 
156 
3 57 
153 
54 
61 
5 145 
73 2 
161 
0
153 
144 9 
3 152 
161 1 
148 
144 
62 
54 
156 
167 
69 
161 
2 145 
131 4 
147 
1 61 
147 1 
147 
50 
161 
6 67 
50 
147 52 
153 3 
60 
0
100 2 
1 66 
3 50 
51 
161 
158 
91 
3 55 
161 
157 
167 
83 
1 61 
156 3 
155 1 
156 175 
154 
167 
144 
155 
91 153 
57 139 
83 
6 175 
161 1 
1 105 
1 44 
150 
156 
148 
153 
161 
149 
59 
154 
82 
100 57 
0
54 
60 
137 
161 
87 1 
158 5 
3 161 
153 
2 73 
161 
95 
158 
63 
2 57 
67 1 
159 
147 
73 
44 
58 
55 
144 1 
103 2 
148 
144 
48 
59 
90 
159 
55 
161 
158 
73 3 
148 1 
85 
156 
97 
67 
57 
175 
57 2 
62 
147 
137 
147 
66 
69 3 
61 
2 175 
95 
153 
159 
51 
51 
2 97 
155 
161 
5 66 
153 
52 
83 
4 53 
1 55 
2 55 
158 
45 
156 2 
168 
88 
1 153 
55 
61 
144 
54 
8 156 
63 
7 153 
103 
67 
48 3 
82 
88 61 
3 175 
161 
50 
153 2 
2 175 
156 2 
55 
156 
1 54 
1 95 
95 
144 
58 
166 
103 
57 
90 
144 
185 
55 
52 
152 
0
50 
58 
103 
58 1 
144 
48 
145 
167 
154 
159 
4 61 
63 
63 
167 
166 1 
2 150 
49 
139 
166 
3 157 
156 
1 97 
144 
154 
105 
152 
154 
159 
91 
52 
139 
58 
0
51 
103 1 
2 60 
144 
154 
103 
153 2 
55 
166 
158 3 
158 
0
167 
3 159 
161 
95 
3 55 
69 
150 
3 58 
85 
60 
4 158 
161 1 
1 53 
100 
145 
144 1 
3 53 
153 
0
54 1 
64 
0
153 
3 159 
155 
58 
131 1 
149 2 
55 
156 
61 
55 
147 
58 
152 
152 
1 61 
137 2 
2 58 
52 
51 
50 
63 
52 
3 157 
51 
4 53 
61 
90 
51 
149 
156 
87 
51 2 
154 
5 64 
161 
156 
67 
82 1 
145 
153 
157 
54 
161 
0
90 
54 
49 
89 
89 
153 
159 
100 
67 
61 2 
149 
3 166 
159 
159 
60 
185 
58 
55 4 
2 139 
2 91 
63 
144 
88 
97 
67 
61 
0
153 
148 
147 
144 
5 137 
105 
2 153 
154 
148 2 
161 1 
55 
85 
161 
91 
1 53 
45 
147 
61 
1 58 
150 
137 
82 4 
153 
159 
137 3 
90 3 
103 1 
147 
159 
156 3 
48 
73 
54 
85 
57 
139 1 
67 1 
145 
1 150 
161 1 
2 49 
147 
159 
91 3 
105 
103 
150 
161 
89 
54 
1 85 
1 56 
145 
2 61 
105 
168 
103 
153 4 
185 
90 
2 45 
41 2 
67 
1 137 
51 
83 5 
137 
0
131 
145 
167 
48 
2 137 
158 
95 
48 
91 2 
168 
153 
156 
103 2 
159 
2 60 
159 1 
91 
131 1 
69 
103 
0
3 51 
49 
148 62 
103 
53 
153 
105 
60 
159 
139 
158 
161 
55 
57 1 
185 
156 
4 155 
4 168 
153 54 
52 1 
152 
103 
53 
137 
73 2 
153 
55 
57 
45 
0
58 
2 63 
52 
0
147 3 
1 153 
5 54 
2 50 
67 
155 
69 
156 
0
156 
144 
5 58 
150 
145 
61 
48 
91 
144 
100 161 
145 3 
88 
185 1 
2 49 
73 48 
82 
1 50 
63 2 
90 1 
2 150 
156 
57 
152 
87 4 
161 
58 
1 91 
155 
57 
63 
73 
161 
1 67 
166 
50 
149 2 
156 
153 
1 168 
145 
63 
153 
69 3 
185 
50 
90 54 
66 
153 3 
159 
157 
137 3 
53 105 
4 153 
58 
51 
161 159 
57 
2 158 
50 3 
154 
152 2 
7 153 
0
161 3 
149 3 
131 
149 3 
161 
61 
154 
1 51 
137 
150 
157 
158 1 
156 
166 
3 145 
155 
73 4 
161 
91 
58 
156 
3 144 
3 105 
152 
53 
149 3 
145 
144 
161 1 
73 
137 
48 
161 
154 
161 
153 
58 
4 167 
89 
91 
145 
63 
145 
154 
51 
0
148 
2 168 
158 
166 
44 
100 1 
131 4 
156 159 
150 
144 
100 
147 
2 175 
0
156 2 
61 
57 
1 152 
1 55 
61 
154 
139 4 
175 
153 
156 
155 2 
61 
159 45 
161 
0
156 
153 
161 
57 
167 
97 
73 
153 
156 1 
83 
90 3 
88 
50 56 
153 
161 
4 89 
54 
44 
52 
156 4 
54 
51 
152 
1 155 
144 
3 139 
166 
4 51 
83 
88 
62 
156 
175 
57 
144 
145 4 
50 
0
55 1 
47 
105 
55 
97 
45 53 
47 
0
57 
6 161 
0
82 
156 
67 
64 
1 161 
149 
154 
148 
47 
149 
97 
156 
153 4 
0
161 
157 
87 
58 
69 
154 
53 12 
82 
166 
148 1 
2 57 
161 
2 185 
168 
100 
54 
161 
58 
50 
1 55 
97 
63 
3 52 
90 
73 
1 60 
62 
159 
153 
161 
185 2 
55 
49 
97 
154 2 
1 150 
153 
1 95 
54 
69 
153 
57 
167 
3 155 
153 
3 167 
158 1 
12 62 
156 2 
3 139 
69 
153 
48 
48 
95 
57 
167 
69 5 
161 
1 144 
156 
4 167 
155 
58 
154 
100 
159 
61 3 
6 55 
157 
161 
1 53 
52 
158 
157 
147 
59 
103 
91 
144 1 
2 167 
95 
137 
54 1 
144 
48 
150 
100 
67 
48 
50 
105 
50 
0
149 
62 
4 84 
69 
67 
147 3 
155 1 
153 1 
69 
73 
82 
87 
59 
89 
95 2 
3 58 
153 
61 
100 
149 
51 
156 
147 1 
73 
2 85 
90 
45 
2 175 
153 6 
69 
150 
175 
149 2 
144 
175 
156 
156 
53 
57 4 
3 64 
82 
90 
105 
185 
57 
2 91 
50 
73 
6 56 
89 
47 
48 
3 91 
155 
159 1 
67 
161 
158 1 
145 
3 55 
158 8 
144 
2 53 
159 
69 
0
139 
153 
2 62 
153 
4 61 
51 
90 
166 
157 5 
1 144 
156 
67 
161 
168 
167 
83 
1 53 
2 51 
153 4 
55 
83 
69 
61 
84 
156 
4 61 
84 
66 
0
57 
153 
53 
58 
54 
152 
47 
156 
6 153 
149 1 
67 
63 
84 
55 
3 145 
47 
144 
153 
67 
53 
157 
48 1 
51 61 
1 145 
52 
55 
1 55 
5 60 
48 
0
55 4 
84 
50 
161 
51 
148 
1 157 
60 1 
89 
154 
161 
0
1 89 
54 3 
3 58 
155 
152 
67 
185 
0
84 
2 84 
154 2 
60 
159 
166 
156 
156 1 
153 
156 
167 
1 67 
2 61 
97 
83 2 
85 153 
51 
144 
161 
83 
159 
137 
145 2 
54 
161 1 
145 
2 158 
55 
144 
44 
4 53 
137 1 
145 
1 153 
2 150 
60 1 
159 
145 
149 
156 
137 
157 
148 
137 
161 
167 
3 58 
148 
2 69 
103 4 
144 3 
69 
155 
54 
55 
1 54 
0
2 85 
100 150 
152 
166 
156 
90 
147 
1 137 
1 63 
67 
2 152 
58 
156 3 
45 
49 166 
137 
51 
145 
159 
5 137 
156 
153 
69 
168 
147 
157 
145 
2 166 
0
63 
41 
0
175 
153 3 
97 
91 4 
0
88 
61 
137 
3 52 
156 
55 
152 
5 51 
153 
83 4 
150 
60 
60 
131 
3 137 
185 
145 
166 
50 
87 
145 
154 2 
1 153 
5 89 
0
64 
1 45 
41 1 
45 
157 
50 
1 58 
58 2 
55 
4 152 
157 
145 
69 
144 
2 153 
59 1 
55 
84 
53 
131 
45 
50 
61 2 
139 
148 4 
161 
153 
85 
161 
158 
147 3 
54 
3 103 
137 
161 
64 
48 
149 
9 73 
161 
61 
153 105 
60 
156 
175 
150 
57 4 
139 
58 
61 
153 
153 
157 
161 
5 155 
147 
175 
168 
55 
153 
161 
149 
97 
50 
0
1 97 
3 168 
60 
83 
49 
105 
103 
145 152 
56 
145 
67 
2 145 
185 
0
57 
144 
48 
56 
67 
2 152 
103 
159 3 
156 1 
131 
44 
152 
82 
73 
97 
53 4 
91 
168 
91 
49 2 
154 
158 2 
166 
41 
83 2 
100 
49 
1 55 
89 
83 
56 
144 
73 
60 
5 166 
2 175 
55 
3 61 
161 1 
49 4 
59 
159 
150 
185 6 
57 1 
51 
100 12 
59 
61 
95 1 
131 
145 
105 
58 
166 
67 
161 2 
157 4 
153 
152 
50 2 
57 
52 
149 
63 
95 
150 
148 1 
57 
0
153 
0
84 
161 168 
59 1 
161 3 
153 4 
149 
51 2 
153 
0
83 
103 
149 
58 
149 
144 
153 
58 
91 
185 
103 
4 175 
155 2 
89 
52 
103 6 
82 
6 91 
91 
100 
2 61 
139 
53 
3 152 
97 
156 
144 2 
150 
103 
48 
0
90 1 
57 
0
56 
59 
58 2 
3 44 
67 
55 
84 
103 
67 
145 
152 
67 
153 
150 
185 1 
4 58 
145 
57 
153 
137 
155 
73 
161 
84 
2 156 
57 2 
156 
105 
88 
4 67 
166 2 
55 
54 
63 
158 2 
168 
159 
69 
144 3 
82 
144 3 
1 61 
159 
50 
145 
147 
4 45 
159 
157 
51 
54 54 
58 
57 2 
149 
157 
3 57 
100 
144 
63 
67 
153 
150 
0
161 2 
159 
137 
5 50 
153 
161 
0
161 
185 
67 
161 4 
161 
45 
63 
48 
0
5 61 
1 53 
156 
85 
159 
60 
137 
82 
58 2 
83 
82 
56 
57 
2 61 
3 54 
54 
2 60 
185 
9 161 
60 
3 159 
1 91 
156 
55 
175 
156 45 
45 
148 
0
51 
50 
157 
168 
69 
161 
155 2 
50 2 
149 
57 1 
144 
57 
153 1 
7 150 
156 
58 4 
88 
2 44 
156 
66 
91 1 
185 
103 
55 
53 
161 1 
54 57 
97 
150 
156 
2 168 
57 
60 
57 
0
95 2 
48 
144 41 
103 
0
161 
1 87 
166 
161 
153 
48 3 
4 51 
91 
158 1 
161 
1 91 
90 1 
148 1 
103 
82 155 
154 6 
2 105 
175 
83 
153 
61 
157 1 
57 
69 
153 
1 97 
57 2 
158 
145 
137 
161 
54 
168 
152 
159 
2 144 
156 
48 
185 
161 5 
156 
158 
156 
63 
168 
168 
161 
2 161 
83 2 
58 
3 161 
157 
152 
168 
2 153 
103 
0
0
103 
156 
145 
52 2 
145 
159 
161 
167 
45 
153 
83 
156 
60 
154 4 
137 
49 
91 
0
0
153 1 
100 
57 2 
50 
2 161 
144 
2 145 
91 
103 
49 
153 
152 
45 1 
145 
153 
131 
168 
137 
63 
51 
90 4 
157 
152 
152 
64 
144 
47 
50 
161 2 
89 2 
2 167 
185 
139 
61 
144 
61 
147 
155 
48 
144 
1 161 
54 2 
91 3 
175 
49 2 
153 
145 
137 
0
61 
157 
2 156 
45 
161 2 
6 149 
159 
161 
83 
89 
54 
53 
145 
57 
137 
161 
167 2 
5 50 
154 1 
57 
2 161 
61 
147 
156 
53 
55 
91 
50 
0
53 
57 
53 3 
137 
57 1 
0
145 
59 
51 
90 
154 
159 
154 
100 
175 
167 
153 
57 
91 
158 
105 
53 4 
57 
156 1 
153 
148 
54 
0
137 
58 
1 137 
168 
49 
156 
59 
54 
45 
1 168 
63 
51 
159 
153 
137 
153 
91 
87 2 
159 
57 
54 
89 
88 
161 3 
51 
44 
83 1 
2 137 
167 5 
1 82 
55 
2 50 
47 5 
144 
137 
88 
161 3 
87 
83 
152 
51 
167 
55 
148 
145 
73 
145 
144 1 
73 
55 
144 
95 
139 1 
167 
61 
103 54 
105 
145 
185 3 
50 
159 
147 48 
153 
64 
0
2 60 
1 166 
175 
159 
50 
57 139 
161 
67 
55 
88 
161 
69 
57 
97 
158 
50 
66 
60 
139 
54 
161 
83 1 
159 
45 
55 
60 
49 
155 
2 159 
137 
158 
4 49 
137 
57 
51 
153 
2 83 
63 
54 
55 
147 1 
90 
73 1 
149 2 
51 4 
83 2 
0
155 
97 
159 2 
97 
55 
61 
156 
0
54 
57 2 
161 2 
150 
63 
2 137 
53 
161 
159 
55 
48 
63 54 
103 2 
2 103 
2 161 
152 
3 44 
54 2 
137 
84 
52 
156 
2 161 
51 
51 
67 
139 
158 
63 
53 
137 4 
153 
58 2 
147 2 
50 166 
2 58 
175 
145 
144 1 
139 
45 
63 
52 
82 
1 89 
55 
83 
159 
73 
145 
153 
1 168 
60 
153 2 
153 2 
156 
159 
45 
63 
4 149 
85 
145 
1 91 
53 
54 
153 
7 161 
82 
145 53 
67 
69 3 
149 3 
153 
45 
85 1 
139 
61 
7 60 
156 
161 
67 
88 
53 
2 97 
57 
73 2 
58 
52 
2 153 
159 48 
0
161 
53 
137 
137 
159 2 
8 85 
166 
61 
161 
0
7 161 
95 
161 1 
168 
67 
54 
2 137 
53 
50 
2 153 
97 
156 
61 
2 55 
166 
159 
91 
167 
149 
159 
44 
67 
161 
91 
45 
175 
57 
89 
103 1 
159 
50 3 
55 1 
150 
50 
67 
161 2 
148 
52 
153 2 
161 2 
83 
66 
61 
1 58 
50 
64 
156 
53 
49 
67 1 
59 
157 2 
161 
63 2 
69 
49 
149 
152 
161 
2 161 
153 
61 
100 2 
59 166 
159 
168 
159 
137 
149 
3 105 
159 
3 54 
91 
156 
57 
185 
2 56 
57 
145 3 
161 4 
2 97 
60 
145 
137 
4 62 
51 
45 
153 
63 1 
147 
153 
5 175 
69 
147 4 
144 
57 2 
159 
63 
161 
3 166 
100 
61 
185 
53 58 
83 
55 
73 
148 
1 159 
59 
49 
85 
85 
54 
3 145 
156 
103 53 
91 
158 
147 
63 
161 
154 61 
153 
157 
105 
59 2 
57 
63 
161 
1 61 
91 
55 
2 55 
144 
91 
87 
50 
63 
153 
73 
156 
61 
167 
153 
1 105 
58 
144 
175 
147 
2 161 
145 
51 
145 
48 
139 1 
148 
156 1 
53 1 
58 
2 67 
2 153 
153 
167 1 
156 
3 53 
55 
61 
50 
48 2 
158 
153 
91 
2 167 
57 2 
45 
55 
57 
155 
52 
161 
137 
48 
60 2 
159 2 
3 153 
1 67 
148 
87 
3 67 
159 
105 
167 85 
0
2 152 
1 159 
57 
156 1 
156 89 
57 
153 
148 
91 
154 1 
145 
63 
91 2 
58 5 
161 
153 
59 
168 
41 
159 
175 
161 1 
156 3 
156 
51 
1 87 
161 
167 7 
100 
103 
166 
61 
82 4 
3 73 
57 
154 
137 
1 85 
167 
8 89 
2 69 
144 
161 2 
4 97 
1 60 
144 
144 
105 
87 
55 
63 
103 5 
82 
54 3 
153 
3 144 
150 
45 
51 
153 
57 
161 4 
145 
168 
161 
67 
157 
2 60 
45 
48 
158 
161 
58 
103 
147 
53 
58 
55 
90 2 
58 
159 
154 
87 161 
55 
100 2 
103 
3 54 
4 58 
161 
1 55 
175 
55 
2 137 
0
45 
45 
185 
1 137 
2 152 
153 
103 
2 168 
161 
0
144 
154 
159 2 
150 
185 2 
156 2 
2 157 
139 
54 
50 
153 1 
53 
175 
1 166 
3 60 
2 54 
5 41 
153 
103 
64 
45 
158 
90 3 
144 
55 
149 
53 
137 
161 
45 
148 
58 
145 
85 
3 139 
55 
64 1 
4 153 
149 2 
54 
156 
1 145 
149 
45 
161 
161 
95 
157 
167 
149 
2 145 
58 
90 
52 
137 
175 2 
168 
149 
153 
145 
88 
44 
57 
100 
156 3 
60 
154 
161 
148 
2 159 
161 
2 55 
58 
60 
158 
0
156 
51 
0
69 
153 
52 
175 
2 69 
53 
185 
3 145 
152 
1 103 
156 
3 67 
154 
156 
55 
1 161 
150 
54 
175 
63 1 
44 
41 
144 
161 
137 
157 
144 
51 
73 
152 
153 3 
166 
59 
161 
55 
161 1 
73 
153 
47 
48 
45 
156 
156 
154 
4 168 
145 
67 
91 2 
95 
157 
57 
3 60 
175 2 
51 
155 
62 
159 
57 
0
166 
153 
161 
156 
0
60 
57 
0
153 
100 
55 
95 
149 
161 
153 1 
58 
58 
154 
156 
159 1 
158 
49 
2 155 
61 
56 
1 83 
55 
9 159 
51 
1 57 
88 
144 
0
61 
1 137 
144 
97 
155 
131 
3 145 
131 
154 
90 52 
150 
58 
148 
67 1 
84 
159 
155 
154 
153 
161 2 
61 
148 2 
137 1 
0
5 150 
168 
159 3 
1 50 
156 
145 
83 
144 
4 105 
137 
59 53 
148 
4 161 
153 
61 
2 58 
58 
50 
131 
1 63 
3 166 
8 58 
131 4 
2 167 
69 
54 
185 
52 1 
0
156 
154 
157 
64 
41 
2 145 
62 
67 
161 4 
154 
4 60 
185 
153 
45 4 
159 
61 2 
83 
144 
153 
62 
59 
48 
59 
49 3 
50 
8 97 
87 
54 
88 
137 
89 
67 
64 
62 
47 
0
45 
83 
156 
60 
61 1 
61 2 
88 2 
73 
153 
161 1 
66 
91 
167 
67 
159 
161 
50 
61 1 
156 
145 2 
61 
2 153 
161 
158 12 
83 
103 
69 
100 6 
88 
157 
41 
91 
167 
156 4 
144 
51 
52 1 
89 
185 
3 52 
57 
147 
55 
49 
149 
145 
50 
0
59 
2 58 
158 
48 3 
139 
3 158 
84 
67 2 
147 
2 137 
175 
58 
167 
152 
53 
88 
158 1 
47 
44 
144 
152 2 
4 57 
103 2 
87 2 
144 
87 
156 
137 
161 
159 57 
54 
158 
67 
61 1 
73 1 
89 
156 
55 
45 
55 5 
82 
153 
103 
2 60 
158 5 
145 
49 
156 
91 
137 
161 
47 
95 2 
51 
57 
157 
83 
54 
67 
161 
59 
185 
2 59 
158 
156 
167 3 
63 3 
59 
61 
0
159 
87 
100 
53 
2 157 
144 
1 168 
137 
103 2 
156 
185 
53 
0
59 
83 
83 
3 144 
166 
45 
60 
1 156 
144 
137 
57 
4 60 
58 
84 
48 
57 
87 
3 166 
156 2 
137 
53 
59 
175 
57 
145 
59 
137 
60 
63 
156 
48 
48 
103 1 
152 
145 
158 
131 2 
1 51 
12 55 
47 
64 
83 
161 3 
156 
4 59 
100 
55 
137 
67 2 
105 
47 
58 
157 
0
1 153 
69 
5 49 
85 
175 1 
61 2 
168 
59 
185 
1 61 
45 
48 
185 
48 
12 152 
3 166 
1 166 
69 
5 139 
55 
158 
52 
131 
3 161 
60 
161 
0
156 5 
2 145 
50 
90 
66 
54 
144 
67 
4 67 
83 
67 
83 
63 
185 
157 
153 
144 2 
167 
161 
53 2 
153 
148 
168 
0
3 145 
155 
161 
147 
153 
149 
61 
185 
147 
161 
157 
60 2 
144 
156 
105 
5 73 
51 
67 
145 
167 
55 2 
153 
58 
90 
3 89 
73 145 
149 
2 145 
6 61 
150 
83 
131 
67 
156 
44 
155 
103 
153 
58 
156 
103 
45 
167 
91 
2 61 
54 
45 
145 
3 153 
137 
185 
58 
137 
149 
150 
168 
131 
153 
73 1 
185 
137 
145 
89 5 
54 
87 
41 4 
89 
159 
161 
48 
149 5 
159 
49 
89 
161 
57 
87 5 
4 49 
159 
88 
145 
45 
161 
167 
156 
167 
155 
3 49 
0
61 
167 
69 
56 
185 4 
144 
89 
61 
61 
91 2 
3 66 
158 
3 52 
153 
159 
1 175 
82 
52 
83 
85 3 
73 
49 
2 85 
1 168 
103 
161 
95 
156 
58 7 
0
55 
95 3 
167 
150 
73 8 
159 
3 59 
3 152 
59 
167 2 
67 85 
145 
58 2 
161 3 
1 139 
63 
137 
67 
161 1 
144 
55 
161 
61 
167 
161 
49 
97 
59 
53 
161 3 
153 
53 
156 2 
54 
155 
144 
85 
153 
97 
51 
51 
88 
58 
5 67 
147 
2 159 
59 2 
139 
58 
64 
51 
50 
0
57 
103 
153 
167 3 
2 153 
185 
167 
0
152 
161 45 
144 
0
105 
105 
137 
1 149 
156 2 
55 2 
103 
155 
144 1 
161 
58 1 
69 
137 
63 
87 1 
60 
155 4 
161 
155 
88 
2 45 
51 
90 1 
161 3 
1 145 
61 
69 
159 
3 95 
83 
161 
2 55 
144 
3 168 
159 
185 
153 
159 
63 3 
1 161 
66 
64 
83 
97 
153 
153 
156 
91 1 
2 61 
2 52 
150 
144 
67 5 
50 
54 
168 
84 
1 57 
150 
44 
161 
5 61 
153 
2 145 
154 1 
156 1 
154 
139 
161 
41 
54 
150 
148 
59 
69 4 
159 
3 53 
1 156 
85 
5 152 
1 144 
161 
45 
63 
0
159 
144 
53 
156 
59 
90 
185 
53 
158 
157 
2 63 
145 
161 
185 
153 
52 
161 157 
59 3 
85 
91 2 
88 4 
58 
131 1 
161 
85 
103 
156 
3 161 
57 
156 
51 3 
131 3 
85 
87 
61 
153 1 
155 3 
0
161 
144 
63 
50 
82 
64 
61 
147 2 
105 
49 
144 
137 
73 2 
161 5 
149 
83 
137 
45 
4 51 
84 
161 
159 
153 
2 152 
58 
159 
73 
87 1 
55 
83 
1 84 
88 
1 85 
83 
100 
131 
97 
147 
51 
158 
139 
137 
3 175 
83 
185 45 
57 
60 
159 
2 89 
59 
154 2 
48 
84 
44 
61 
50 
7 83 
145 
185 
3 155 
148 152 
167 
55 
148 
1 144 
54 
137 
145 
54 
69 1 
55 
103 
83 3 
0
156 
1 103 
161 3 
100 
185 
53 
154 
131 5 
145 
50 
2 64 
7 45 
139 
53 
153 2 
97 
67 1 
2 51 
153 
87 2 
58 
0
57 
150 
152 
161 
149 
88 
0
87 
0
161 
67 
153 
83 
145 
150 
103 
3 150 
153 2 
61 
52 5 
3 54 
2 61 
67 
58 
149 
88 2 
148 
83 1 
158 4 
168 
161 
5 166 
156 3 
103 
90 
166 
73 
88 
158 
53 
185 
100 
153 
57 
131 
91 
167 
161 
45 
137 
49 
83 2 
97 
159 
5 50 
63 
144 2 
55 
168 
145 
167 
67 
139 
90 
167 
61 
63 
105 
58 2 
97 
153 
155 
0
66 
153 
100 1 
0
139 
152 
58 
63 
57 
1 60 
161 
91 
3 82 
2 161 
41 
57 
158 
73 
51 1 
58 
167 
144 
7 157 
58 
168 
150 
148 
54 
144 
139 
161 
62 
161 
1 62 
156 
166 
150 
48 
148 
0
5 55 
100 
103 
147 2 
161 
57 
1 153 
144 2 
168 
157 
57 
0
153 
149 3 
55 
91 
4 45 
53 
1 168 
50 
1 97 
73 
45 
2 57 
156 
153 1 
63 1 
156 
159 
144 2 
156 
161 
57 
54 
145 
0
157 1 
159 
156 
49 
48 
144 
147 2 
145 55 
103 4 
153 
137 
95 
56 
48 
150 
53 1 
157 
61 
156 
167 
147 
60 
185 
82 
139 
66 
1 105 
157 
87 
0
161 2 
1 57 
48 3 
148 
1 137 
66 51 
161 
84 
168 
147 
67 4 
152 
155 
53 5 
61 
91 1 
3 48 
60 1 
84 
153 
100 1 
60 
105 
144 
55 
137 
82 4 
55 
49 
2 58 
61 
185 2 
155 
148 
145 
87 
147 
145 
5 152 
67 
3 166 
4 85 
157 
150 
148 
137 
152 
58 3 
156 
1 84 
144 
54 
147 
1 54 
154 
1 54 
49 
157 2 
50 
185 
54 
147 
45 
91 
4 145 
69 2 
58 
153 
137 
50 
1 105 
51 2 
50 
148 
150 
89 
159 
137 1 
58 2 
155 
1 153 
0
54 
51 53 
73 2 
82 2 
145 
161 
148 3 
137 
58 1 
3 48 
0
56 
57 
153 1 
144 
87 
55 
63 
158 
167 
154 
161 
58 
85 
53 
149 
73 
1 168 
153 
5 69 
0
85 
161 
51 
154 
41 
157 3 
161 
139 
62 
1 156 
167 
63 3 
54 
45 
167 
1 97 
166 
159 
3 153 
0
153 
147 
175 
67 
159 
53 
91 
150 
103 
61 
58 
55 
161 
156 
2 161 
83 
67 
150 
185 
144 2 
159 
52 
153 
88 
159 
84 
157 
148 
51 
58 
161 
147 
51 
67 
185 
157 1 
90 
91 
161 
48 
95 
47 
152 
83 6 
54 
161 
0
3 55 
3 49 
150 
0
2 144 
148 1 
59 
156 
161 2 
73 3 
91 3 
166 5 
54 
0
168 
0
105 
159 
66 
57 
144 
175 
1 144 
63 
52 
90 
159 
83 8 
131 
2 91 
105 
1 69 
150 
158 
144 
67 3 
144 
2 66 
154 
60 
91 4 
161 3 
159 3 
2 158 
145 
153 1 
73 
5 84 
166 
90 
100 
95 
153 
49 
137 
82 
67 
144 
67 
161 2 
57 
185 
53 
83 1 
87 
51 
53 
55 
137 2 
62 
144 
137 
3 57 
58 
47 
159 
2 61 
82 73 
137 
167 
0
137 
156 
137 
50 
153 
89 
3 85 
53 4 
50 
161 
0
105 
157 
90 
83 
148 
85 
161 2 
149 
55 
1 168 
1 84 
0
54 
2 53 
175 
149 
97 105 
153 2 
1 97 
149 
103 
1 61 
67 3 
148 
137 
57 
3 69 
58 
185 2 
185 
103 
59 
57 
2 48 
168 
67 
58 
147 3 
57 
83 
53 
153 
58 
153 
185 
58 3 
2 159 
167 
137 
158 
155 2 
60 
159 3 
45 
1 137 
89 
157 
1 49 
167 
159 
147 1 
54 
145 
185 
63 
167 
153 
137 
153 
2 60 
97 
145 
5 159 
58 
60 
61 
155 
47 
137 
166 
49 
58 3 
1 159 
167 
0
87 
148 
47 58 
1 152 
62 
149 
152 
156 
44 
156 
1 137 
144 
88 
58 
63 2 
45 
0
159 
147 
69 
161 
147 1 
137 
0
57 
63 5 
3 167 
95 
2 156 
167 
6 168 
157 
4 91 
150 
0
2 54 
161 137 
52 
97 
57 
58 
103 
155 
137 
87 5 
50 
97 
58 
50 
3 145 
158 
95 161 
2 157 
154 
105 
57 
147 1 
55 
1 73 
54 
2 150 
148 
57 
53 2 
131 
105 
88 
47 
147 
60 
156 
0
131 
3 161 
54 
54 1 
175 
73 91 
161 
100 
95 1 
145 
2 53 
156 
63 
73 83 
161 
54 
145 
52 
147 2 
45 
137 
58 6 
166 
156 
0
4 55 
57 1 
156 
55 
137 3 
57 
0
139 
0
87 
51 
145 
153 
57 
82 2 
2 84 
103 
161 
67 
59 
154 1 
64 
154 1 
61 
157 
90 
2 57 
1 50 
161 154 
168 
69 2 
57 
66 
150 
54 
4 161 
2 150 
67 
161 
2 168 
139 
2 145 
3 56 
73 
153 
91 
158 2 
73 
147 
69 
161 
144 
3 168 
91 
144 
55 
159 
105 
166 
49 
50 1 
73 
161 
51 
154 
85 
62 
58 
4 155 
55 
49 48 
145 
161 
145 
0
2 144 
155 
1 64 
61 
4 161 
153 
2 50 
66 
4 67 
145 3 
149 
0
159 
50 
90 
139 
3 49 
59 
54 
185 
167 
159 2 
2 153 
0
144 
144 3 
69 6 
144 
159 
185 5 
54 
144 
100 
56 
1 155 
100 
51 
156 
156 
105 
153 
161 
0
67 
1 58 
155 3 
62 
8 157 
150 
155 
69 
153 
150 
55 
158 
145 
1 84 
53 
0
45 
59 
153 5 
47 
156 
83 
56 
51 
137 
58 
153 
56 
159 
148 
147 3 
53 
156 
139 
159 
55 
54 
67 
67 
139 
52 
156 
153 
97 
5 161 
61 
73 
105 
45 
66 
154 
57 
144 
57 
61 
61 5 
83 3 
67 
166 
95 
54 
83 
139 
159 
158 
73 2 
67 
148 
152 2 
95 1 
153 3 
175 
175 
159 
2 167 
60 
61 
131 
49 
56 
145 
103 
87 
161 
59 
2 91 
157 
3 167 
159 
1 155 
3 57 
100 2 
60 
156 
89 91 
83 
4 168 
1 148 
2 63 
100 
168 
67 
154 
49 
166 
95 
154 
89 
159 
2 61 
153 4 
156 2 
4 161 
55 
149 
47 
59 
54 
73 
185 
144 
82 
49 
159 7 
167 
175 5 
161 
60 
159 
66 
144 1 
61 
161 
161 
53 
84 
148 
2 137 
156 
2 44 
5 157 
54 
50 
148 7 
2 55 
45 
105 
61 
153 
166 
161 
58 
7 148 
157 
54 
5 175 
131 
57 
54 
55 
161 
48 12 
0
57 
150 
175 
2 166 
58 
54 3 
148 
58 
145 
168 
54 
87 
103 
131 
56 
87 
156 
56 2 
51 
155 
175 
1 145 
152 
145 
144 
137 
62 
161 
84 
63 
87 
148 2 
54 
45 
161 
185 
147 
144 
51 
144 
0
156 
153 
167 
148 
161 
158 
159 2 
175 
50 1 
153 
54 
59 
158 
137 
60 
161 
69 
51 2 
156 
4 167 
58 
159 
158 
47 4 
48 
159 
48 
150 
168 
57 
54 
153 
100 
3 60 
153 3 
84 
50 
66 
53 
54 1 
54 
45 
62 
156 
61 
55 
137 
58 
105 
157 1 
105 
61 
103 
83 
60 
88 
63 
154 2 
175 
58 
61 
0
161 1 
153 2 
131 
156 
144 
67 
145 
2 51 
1 161 
161 4 
131 
91 
4 64 
50 
161 
147 3 
52 
4 145 
55 
60 
161 
153 
60 
145 
137 
56 
155 
58 
53 
168 
1 56 
1 55 
167 2 
137 
41 
58 1 
139 
45 
58 
82 
64 
103 2 
159 
2 66 
145 
90 2 
55 
144 
144 2 
153 
83 
3 54 
73 
153 1 
168 
2 139 
1 61 
2 149 
2 152 
153 3 
52 
7 55 
145 3 
53 
153 
154 
44 
156 
52 
153 
103 1 
153 
147 
54 
145 
45 
161 2 
103 
61 2 
152 
159 
2 153 
105 
54 
153 
84 
69 
54 3 
83 
49 
53 
156 
97 
145 
4 161 
83 7 
50 
155 
103 50 
153 
145 
90 3 
2 153 
144 
1 45 
139 
152 
6 49 
1 105 
145 
6 66 
91 1 
155 
1 59 
95 
63 
156 
161 1 
50 
87 
161 3 
6 105 
69 
156 
103 1 
69 
145 4 
58 
49 3 
85 
156 
51 
53 
91 2 
157 
144 
53 
47 
55 
66 
153 
58 1 
89 1 
153 3 
1 51 
156 1 
91 
148 
2 139 
103 3 
4 67 
55 2 
153 
159 
154 
54 
51 2 
0
69 
103 
49 
52 
144 
131 
91 
153 2 
175 
1 103 
2 150 
52 
57 
156 
166 
63 
100 3 
91 
47 4 
137 
63 
73 
4 166 
82 
161 4 
57 
154 
56 105 
145 1 
153 
156 
54 
88 
147 
155 
3 41 
156 
73 
83 
145 
161 
168 
153 
154 
59 
88 
57 
58 
44 
57 1 
103 
155 
168 
53 1 
3 97 
149 2 
167 
131 
131 2 
145 
52 
153 
144 
45 
137 
161 
95 2 
168 
53 
153 3 
103 
97 
1 158 
87 1 
95 
156 
56 
57 3 
167 
91 
185 4 
61 
83 
60 
1 139 
2 84 
103 1 
156 
0
150 
60 
161 
147 2 
53 
0
154 56 
84 
139 
167 
158 
60 
63 
2 45 
166 
66 
100 
147 
2 85 
150 
159 
59 
175 
154 
0
55 
147 
49 
2 137 
55 3 
156 
167 
147 
0
58 7 
175 
57 
49 1 
156 1 
50 
55 
159 
175 
60 52 
54 1 
159 
69 
83 
161 
148 67 
1 56 
48 5 
153 
0
144 5 
1 73 
175 
139 
53 
148 
145 
6 55 
0
3 61 
153 
3 57 
58 
1 55 
159 
156 
166 
131 6 
50 
90 
97 
55 3 
185 2 
54 
154 
161 
175 
57 
157 
52 
83 
0
61 
155 
161 
149 
155 
147 3 
45 
54 
61 
161 
154 2 
161 3 
61 
57 
90 1 
131 2 
91 
144 4 
158 
158 
161 
67 
156 
139 
144 
153 
83 
85 
2 45 
175 
89 
90 
161 
158 6 
0
73 
139 3 
2 91 
52 2 
52 
1 145 
145 
51 
63 
161 
2 60 
55 
51 
0
1 45 
168 
91 
156 
59 
150 
82 
156 
90 
149 
155 
137 2 
49 2 
175 
185 
55 
50 
1 137 
0
149 
161 
166 
156 2 
83 
58 
5 60 
161 
63 
60 
147 
158 
159 
1 150 
153 1 
54 
148 1 
144 
45 
66 
50 
156 4 
0
52 
148 1 
3 64 
89 
147 
45 2 
67 
52 5 
152 
153 
83 1 
167 60 
161 
4 85 
145 
82 
155 
159 3 
61 
48 
67 
159 
153 2 
82 
158 
103 
3 45 
145 
145 
3 150 
147 3 
145 
69 
185 
2 50 
50 
7 53 
168 
147 
159 2 
131 1 
153 
131 
153 
48 
55 
88 
61 
156 
52 
153 
48 5 
54 
63 
0
67 
156 3 
153 
1 153 
63 
185 
156 4 
50 
161 137 
83 
49 
167 
54 
57 
185 2 
137 
158 
131 1 
55 
161 
63 
52 
161 4 
1 97 
57 6 
90 137 
105 
167 
5 175 
156 
55 
161 3 
87 3 
161 
161 
73 
61 
82 
73 
52 
1 57 
175 
50 
166 
152 
4 168 
88 
137 
149 
144 
103 4 
7 150 
147 
158 
4 167 
0
57 
2 156 
63 
154 
137 
1 67 
131 2 
161 
4 61 
55 
155 12 
153 
148 2 
67 3 
156 8 
145 
62 
87 1 
4 175 
53 
0
153 2 
67 
53 
168 
154 
54 41 
5 84 
159 
159 4 
73 84 
2 51 
83 
150 
137 
48 
153 
61 
50 
3 159 
2 159 
4 153 
91 
167 
153 
82 2 
159 
148 
51 
131 2 
152 
161 
48 
152 
159 1 
64 
139 
58 
84 1 
157 2 
154 
85 
45 
45 
103 
48 
144 
52 
50 
89 
54 
185 
91 
51 
48 
91 3 
159 2 
2 67 
8 63 
54 
161 
48 
131 
0
161 
59 
155 
161 
131 
185 
60 
100 
161 
161 
156 
63 
48 
145 
41 1 
156 
161 
147 
156 
144 
60 
185 
60 
150 
175 2 
54 
168 
51 4 
0
3 152 
156 
156 3 
150 
155 
103 
57 
5 53 
54 2 
161 166 
45 
53 
2 153 
185 
64 
161 
91 1 
89 
1 155 
168 
167 
0
1 145 
156 
82 2 
161 
156 
147 
4 153 
3 85 
161 
53 
149 
1 58 
91 
54 
161 5 
88 
61 
139 1 
159 
175 
0
97 
5 59 
59 
2 48 
185 
158 
153 
54 
161 
58 
161 
185 
131 1 
3 161 
4 157 
49 1 
144 
54 
61 
61 
2 48 
55 
137 
82 3 
154 3 
131 
73 168 
159 
153 3 
168 
153 3 
2 161 
55 
152 
59 
144 3 
145 
137 
161 
137 
159 
2 91 
84 
100 2 
156 
67 3 
1 53 
61 2 
131 
67 
2 97 
148 
69 2 
153 3 
69 
0
168 
148 
153 
83 
45 
148 2 
63 
154 3 
161 3 
161 
55 
168 
67 
148 
154 
55 
150 
0
1 54 
161 
155 
1 53 
153 
48 
153 2 
48 
58 
156 
45 
166 
153 
3 62 
2 63 
159 
161 
137 
66 
51 1 
156 
100 3 
156 
87 
161 4 
82 
1 167 
1 61 
153 
1 55 
153 
161 
145 
168 
161 
49 
156 2 
0
137 
91 
185 3 
157 
55 
153 
4 73 
153 4 
3 45 
60 
85 
149 
161 1 
55 
52 
161 
153 
61 
158 2 
2 161 
157 
152 
137 
2 139 
57 
57 
4 50 
2 161 
159 105 
5 55 
148 
7 145 
145 
53 2 
154 
89 
154 52 
161 
147 
153 
185 
63 
48 
175 
57 
58 
61 
153 
144 1 
52 3 
175 
67 
58 
64 
161 
2 105 
2 105 
157 
2 153 
168 
50 
59 
2 51 
48 
156 
2 83 
105 
159 
156 4 
49 
3 145 
153 
2 139 
103 
87 
152 66 
153 
84 
3 55 
50 4 
52 
2 157 
45 
61 
0
153 
145 
161 3 
155 
148 
161 
167 
61 
145 
139 
52 2 
161 
3 137 
91 
148 1 
153 
166 
0
54 
47 2 
161 
57 
95 
157 1 
55 
161 
150 
7 55 
103 
45 
0
55 
49 
51 
153 3 
158 
62 
1 52 
60 
45 
54 
54 
55 
61 
61 
55 
61 
185 
54 
51 
88 
175 
0
158 
161 
154 
50 
144 
161 
87 
60 
54 1 
45 
161 
152 
0
159 
83 
100 
144 
185 1 
167 3 
55 
87 3 
60 45 
53 
2 48 
1 54 
155 
69 
89 
0
59 
1 166 
175 
156 
152 
144 2 
185 
168 
57 
63 
48 
73 
45 
60 
185 
161 
145 
67 
155 
153 
55 
3 56 
156 
97 
168 
2 145 
58 
63 
91 
67 
53 
73 
131 
149 
69 
59 
161 
50 
144 
156 83 
2 51 
156 
149 2 
153 
144 
168 
100 
161 
157 
44 
84 
153 
66 
84 
55 
69 
103 3 
167 3 
2 60 
55 
161 
153 
57 
67 
97 
51 
7 57 
185 
161 
156 
54 
90 
60 
158 
54 
0
95 
1 41 
2 51 
44 
63 
161 
103 
58 
55 
1 54 
153 
0
2 61 
60 2 
61 
66 
168 
161 1 
175 
91 
53 
84 
137 
3 156 
1 137 
167 1 
6 97 
82 
47 2 
41 2 
87 
58 
150 
156 
153 
87 
63 
105 
63 
175 
156 
185 
137 
1 161 
161 
158 
58 
62 
139 
159 
7 152 
3 158 
61 
167 
73 
3 61 
50 
67 
83 2 
153 
1 103 
2 52 
144 
148 
161 
145 
95 
54 
2 152 
155 
61 
1 59 
0
89 150 
97 
55 
69 
61 
91 
1 97 
137 
45 
82 
161 
156 
153 2 
4 83 
145 
69 
50 
153 3 
0
91 
67 
0
73 4 
161 
157 3 
157 
103 1 
1 60 
2 161 
0
156 
50 
149 1 
3 97 
156 
67 
158 
144 1 
50 
1 58 
137 
175 
159 
158 
157 
103 
166 
6 55 
1 155 
3 158 
61 
155 
61 
168 
137 
156 
139 
51 
54 
1 159 
4 137 
69 
154 
53 
144 
149 
56 
61 
153 3 
57 150 
55 
157 3 
1 159 
159 
88 3 
61 97 
145 
54 1 
159 
3 53 
3 144 
103 
185 
150 
45 
61 
69 
153 7 
63 
7 61 
66 
53 
61 
0
167 
175 
168 
147 
58 
90 
69 
0
148 
131 
0
148 
161 
48 
50 
105 
156 
73 
139 
1 45 
69 
63 
1 73 
153 3 
1 137 
54 
53 
53 
161 3 
1 67 
87 2 
50 
60 
147 1 
0
2 50 
67 
3 51 
154 
48 
57 
69 
45 1 
2 64 
58 3 
3 166 
147 
147 
153 
153 
161 4 
185 3 
58 
166 
88 
83 
55 
154 
1 53 
159 
54 
153 
137 1 
1 166 
131 
168 
105 
166 
62 
45 
61 
167 1 
156 
161 
67 
153 
4 155 
55 
63 
185 5 
0
1 84 
53 
83 
5 54 
69 
58 
1 167 
60 
185 
159 2 
156 
149 3 
66 
156 
144 
175 
7 161 
54 
55 
0
54 
144 
153 
131 
59 3 
159 2 
53 
49 
2 166 
3 50 
159 
100 3 
48 
168 
168 
51 
51 
145 
57 
73 
67 1 
148 2 
153 
57 
69 
84 
103 
103 
82 4 
50 
57 
161 
145 
175 
161 2 
53 
144 
0
53 
156 4 
47 
150 
131 
3 154 
153 
161 
5 157 
2 57 
91 
45 
137 
0
156 
153 
69 
156 
1 45 
2 44 
131 3 
2 168 
89 
54 3 
137 
153 
50 2 
55 
60 
73 3 
0
88 
157 
2 54 
67 
185 
156 
157 1 
1 60 
159 
185 
53 3 
73 
3 52 
49 
45 
69 
66 
50 
3 145 
148 
63 
67 
73 
152 
131 1 
69 
59 3 
159 
67 
150 
161 
59 
137 
0
67 
48 2 
2 41 
166 
158 
73 
159 
2 55 
148 
55 
161 
137 
48 
0
158 145 
2 152 
3 153 
153 
156 
58 
2 155 
61 
73 
52 
4 156 
168 
84 
6 153 
159 
156 
73 
148 
60 
147 
185 1 
51 
63 3 
2 139 
0
2 139 
91 4 
103 1 
54 
147 1 
47 
153 3 
156 
144 3 
0
51 
167 
52 
91 
153 
57 
144 
166 1 
139 1 
54 
185 3 
145 
95 
159 
69 
137 
185 3 
51 5 
156 1 
131 3 
54 1 
144 
2 137 
48 
2 144 
161 
159 84 
105 
89 
100 5 
157 
83 
59 
161 
149 
175 
4 85 
4 139 
175 
47 
185 
95 3 
83 
3 157 
